54
23
15 27 84 11 100 91 99 30 81 38 68 42 92 5 60 49 85 85 22 66 89 89 22 2 88 91 94 26 10 63 86 29 57 41 38 24 59 97 99 39 84 79 82 55 40 98 
45
84 51 34 25 20 64 33 46 32 29 32 15 87 63 21 32 85 40 42 18 80 82 53 70 19 44 21 31 19 96 87 70 84 12 66 37 53 80 60 23 78 52 21 66 51 13 84 96 79 55 18 98 85 66 65 36 79 84 59 34 60 66 1 88 59 11 19 87 12 65 45 78 77 37 19 90 12 33 17 27 40 58 21 60 86 93 48 56 47 90 
19
78 92 39 38 99 61 95 28 44 47 59 75 83 51 56 99 4 11 19 36 35 35 34 43 17 32 35 45 48 94 7 76 49 73 32 2 34 15 
13
68 10 7 38 27 82 93 27 84 44 33 33 12 3 8 43 51 65 73 87 70 96 78 66 96 53 
45
28 90 21 25 19 10 97 84 2 96 71 76 24 6 16 1 88 88 18 31 89 72 46 38 35 32 49 49 85 82 6 4 69 56 46 10 68 24 7 12 95 84 40 95 85 39 57 90 21 9 85 26 94 14 42 38 58 15 49 67 89 89 78 12 12 30 81 80 45 69 76 80 86 86 71 56 87 2 90 26 1 25 31 90 60 76 82 44 41 57 
57
100 74 94 4 25 8 10 48 91 75 79 81 92 57 76 43 86 94 14 8 56 88 81 15 57 42 93 69 57 2 63 1 65 20 58 35 2 13 51 41 32 95 46 19 17 77 30 6 87 21 48 8 22 49 72 64 41 10 79 55 11 10 20 44 42 27 29 20 36 92 67 58 92 75 39 26 90 21 8 67 63 59 20 17 24 70 79 8 28 36 19 72 47 51 39 52 64 67 92 30 80 89 92 71 62 53 66 51 10 33 66 62 27 27 
53
61 60 41 61 72 13 59 100 42 75 46 69 64 23 19 45 86 1 15 40 19 64 54 33 78 34 14 71 39 91 6 52 69 62 28 92 17 56 53 1 57 45 93 92 76 50 76 81 39 75 24 64 6 48 68 6 69 94 60 91 45 87 61 40 72 76 52 97 24 27 93 96 44 70 20 25 46 15 58 17 5 78 69 74 88 65 9 36 71 56 21 46 78 75 40 100 61 93 3 40 36 57 65 58 82 74 
77
91 81 51 57 34 74 35 63 81 10 18 73 89 76 13 57 28 85 38 78 46 28 50 10 60 23 98 48 69 34 69 24 84 64 68 7 50 38 45 41 94 88 27 18 34 65 54 81 79 10 62 99 83 73 75 71 14 36 41 81 25 29 59 60 63 56 22 9 79 87 55 39 25 28 93 3 11 59 32 61 49 69 5 88 5 11 39 8 30 42 44 62 1 34 64 52 94 91 88 57 45 66 17 43 96 10 74 34 22 25 37 20 51 75 13 3 25 29 73 98 13 43 13 88 98 31 12 91 37 23 16 54 61 21 39 18 55 65 54 61 8 47 78 37 58 88 71 45 4 34 40 78 8 42 
91
10 77 64 99 94 80 31 84 65 17 78 43 32 79 46 15 54 96 91 58 30 28 88 49 30 65 17 80 95 83 38 90 29 61 78 1 87 47 5 89 8 70 98 4 60 19 50 54 10 24 30 26 38 86 1 98 64 50 86 6 71 78 57 37 56 95 64 58 2 18 81 29 72 8 87 98 55 89 97 83 9 63 75 9 29 29 77 85 47 62 16 23 4 39 19 78 33 7 70 62 42 84 50 97 43 72 53 36 100 26 27 23 60 15 10 52 36 57 36 35 68 10 11 30 44 2 98 75 16 43 20 25 17 88 100 29 33 45 90 30 38 78 66 94 13 58 27 98 99 55 34 92 22 50 20 11 19 36 7 18 83 4 66 70 48 70 47 45 50 33 39 69 100 94 23 16 88 10 4 18 63 1 
9
9 34 18 52 14 47 72 63 99 17 46 37 73 54 78 38 53 49 
19
80 58 74 75 91 27 80 27 18 4 9 40 10 53 34 13 80 79 69 97 65 22 83 51 98 54 36 15 64 69 9 80 61 6 19 71 8 16 
55
60 12 38 32 78 16 56 29 24 56 71 73 90 6 40 2 15 48 1 19 47 85 72 97 78 44 82 8 35 18 72 72 99 76 7 44 91 76 33 29 97 32 54 73 96 55 87 14 16 73 13 97 42 27 87 20 43 44 3 92 78 8 15 68 16 56 51 13 61 77 66 97 73 42 53 76 24 11 33 79 29 13 88 55 56 68 93 86 46 91 54 18 26 97 86 92 10 47 44 98 40 6 58 27 30 82 49 55 62 71 
13
37 96 33 16 88 97 59 76 72 70 1 95 76 37 54 82 76 23 44 4 14 71 69 53 40 19 
51
84 35 60 35 66 38 95 86 75 92 43 23 39 73 31 100 79 23 21 27 56 4 58 88 51 57 39 77 4 16 2 94 6 89 15 19 6 66 60 47 36 7 39 66 3 43 64 54 73 64 84 53 58 63 26 44 85 67 32 48 57 4 25 54 31 64 9 87 76 47 91 57 88 83 70 42 90 23 65 19 54 37 59 100 30 79 76 21 35 56 91 18 100 94 36 40 79 2 31 87 54 47 
77
7 100 40 55 55 11 7 26 15 34 70 35 45 21 26 84 4 42 30 22 31 88 80 13 96 31 26 41 6 14 26 66 91 16 45 35 19 2 71 14 96 49 15 98 42 28 83 97 89 99 1 53 86 43 7 21 44 88 27 42 79 84 15 90 54 99 81 87 25 49 78 15 61 50 71 34 73 45 51 60 35 14 27 73 35 8 39 62 42 87 28 61 64 94 38 27 94 11 69 43 1 63 71 88 48 35 76 30 60 78 26 45 86 40 69 96 64 26 56 26 5 69 74 50 92 58 28 91 30 67 30 41 15 10 6 56 83 45 8 21 79 16 7 26 51 37 59 2 37 31 7 27 63 82 
13
2 18 4 14 81 83 79 41 77 31 55 50 78 22 23 95 86 22 67 51 82 59 91 13 9 75 
13
54 20 91 91 72 5 9 31 54 26 7 20 98 48 94 38 56 41 3 57 36 38 84 31 15 12 
65
76 62 72 55 97 96 48 61 76 43 93 71 86 15 83 72 45 24 79 89 11 72 20 12 47 35 54 1 88 2 8 38 80 2 8 28 9 39 46 68 71 12 97 11 74 68 36 87 33 44 29 46 2 56 70 43 81 86 93 25 18 27 95 45 32 48 65 17 94 92 22 43 44 45 42 13 10 93 100 68 75 47 37 60 1 99 28 27 82 62 31 23 57 26 27 92 59 29 82 56 25 20 99 48 89 52 30 92 14 64 27 79 33 69 70 3 10 71 45 47 63 50 19 19 67 7 41 63 93 75 
11
22 8 5 97 77 89 1 65 45 63 8 4 11 48 7 80 60 47 76 21 37 6 
5
11 38 49 75 6 66 4 31 4 56 
45
14 30 17 58 55 69 42 66 52 51 91 84 63 84 80 42 11 93 16 42 68 95 51 3 25 22 44 25 58 78 57 77 54 77 75 65 36 71 96 95 69 47 1 25 7 33 98 96 99 21 67 34 15 45 28 27 63 21 33 15 27 86 96 60 66 27 78 28 27 50 8 22 52 91 77 42 65 41 34 23 19 30 78 99 96 70 19 45 3 42 
75
56 22 2 51 58 5 7 56 10 83 17 32 40 78 68 24 2 92 9 92 51 52 79 1 41 42 84 91 9 49 23 46 84 74 50 23 20 91 65 53 29 34 12 96 20 90 99 89 10 71 83 71 77 5 24 95 74 47 83 81 24 5 60 93 3 38 1 25 73 19 12 73 72 38 55 34 58 85 58 58 92 60 60 80 31 75 64 85 60 45 35 60 13 67 39 46 98 41 10 63 7 88 42 26 96 22 60 63 11 65 90 4 67 65 3 45 55 67 82 17 34 59 35 24 23 46 96 3 16 99 25 1 51 89 41 11 2 91 23 86 68 77 12 59 28 70 15 59 2 4 
51
83 91 4 83 48 17 77 93 71 3 69 4 24 19 16 80 3 84 40 64 86 35 92 36 54 42 11 52 5 28 82 29 82 51 19 75 14 43 20 14 30 19 34 74 90 38 60 49 42 32 58 61 3 60 97 49 55 21 11 82 67 50 14 71 1 32 66 70 100 89 74 28 56 5 69 26 24 63 46 7 62 84 15 98 46 42 2 80 55 75 30 19 76 43 1 26 58 91 64 57 83 2 
7
22 8 75 35 41 31 61 72 79 79 89 42 36 91 
65
4 54 43 87 47 83 20 55 35 34 30 30 87 26 16 67 70 55 48 15 16 94 37 58 8 50 62 8 19 91 77 68 15 48 3 20 45 18 87 57 81 80 25 49 7 43 31 42 77 14 36 95 75 74 97 91 46 78 96 9 12 72 73 48 63 10 45 55 41 87 57 42 5 45 76 12 26 47 96 79 15 25 97 58 28 68 59 54 1 53 76 63 63 86 37 23 75 10 52 96 28 32 53 16 91 1 37 85 13 59 85 83 77 57 72 71 26 43 52 30 98 92 23 95 91 7 64 22 77 65 
31
16 69 42 3 79 32 78 57 83 49 19 75 67 41 66 69 39 59 67 56 99 98 5 44 89 89 15 98 22 45 68 35 79 46 75 54 51 3 31 51 44 29 24 94 31 71 41 83 47 67 28 50 4 43 44 60 31 75 57 79 85 97 
57
59 80 7 32 55 1 58 23 92 48 54 57 99 15 93 49 94 4 71 89 81 65 73 3 94 33 89 72 38 58 16 70 73 43 41 27 77 80 11 29 1 48 41 5 10 21 16 33 67 12 33 66 69 75 51 47 22 98 74 24 76 83 74 97 48 52 25 85 70 66 42 1 58 77 13 68 87 24 64 50 82 42 21 86 98 38 54 47 76 92 37 41 2 30 6 53 55 42 86 52 48 93 92 81 49 17 8 63 18 73 83 72 74 96 
11
31 81 35 22 42 84 16 97 9 24 79 82 57 69 50 75 84 30 39 12 53 53 
87
93 54 49 71 80 12 43 80 94 100 47 14 15 96 28 79 72 100 8 5 84 83 44 64 80 16 97 99 83 55 100 48 8 19 37 12 80 6 35 69 75 33 50 42 45 63 68 71 51 3 28 89 28 49 44 87 67 5 2 47 41 11 29 79 88 7 55 73 23 63 15 53 10 72 5 36 19 40 3 60 40 77 54 16 90 29 69 26 50 4 49 17 79 94 34 71 84 60 67 87 10 70 37 32 82 73 86 72 77 87 50 27 24 37 35 9 84 79 60 39 99 42 48 48 88 69 38 92 56 76 9 26 1 10 93 18 13 56 77 9 8 35 19 47 6 13 13 80 32 12 95 74 72 100 13 61 94 45 59 38 43 45 66 34 16 70 55 15 55 63 92 60 90 40 
37
71 66 39 14 33 6 13 52 65 92 36 34 54 14 65 8 53 55 65 48 45 35 32 38 18 74 26 2 6 50 70 60 40 53 69 36 8 100 29 55 13 33 36 16 18 83 88 84 30 35 43 24 48 54 97 17 98 95 62 91 50 78 88 69 50 83 29 12 93 61 13 52 36 37 
39
52 23 36 13 12 4 98 39 30 63 1 46 2 57 48 53 88 7 4 57 33 86 33 30 81 3 77 55 53 11 71 18 38 91 68 93 81 22 45 90 65 83 98 59 97 97 15 2 29 56 52 8 73 58 28 87 1 63 70 85 12 38 15 71 99 83 12 43 77 91 87 21 2 78 1 38 34 38 
25
65 98 62 9 54 57 21 48 84 66 99 96 28 41 2 70 97 8 22 46 32 81 70 94 100 89 58 36 72 57 32 34 18 98 2 4 23 2 86 95 58 80 13 81 21 82 1 87 68 66 
87
12 73 58 13 60 31 94 63 85 79 87 69 28 47 61 56 75 20 82 99 19 78 2 58 51 68 69 60 22 44 48 19 10 17 12 97 92 85 26 95 47 71 23 41 22 2 84 18 48 62 97 18 15 44 54 53 98 28 49 56 32 36 79 82 93 83 57 52 41 93 21 40 13 38 91 48 32 57 70 76 71 42 17 96 67 67 72 28 47 42 9 41 37 62 64 28 99 56 96 91 12 26 67 25 70 12 86 49 51 61 37 81 2 20 11 86 68 96 55 35 97 97 48 9 57 30 61 33 28 58 62 92 39 80 19 9 24 46 65 90 5 88 58 28 24 4 56 54 32 3 15 30 60 4 5 73 44 88 60 54 65 4 76 2 58 98 15 4 59 2 68 95 7 89 
29
59 72 86 17 18 29 40 60 97 50 22 33 75 76 75 61 48 17 56 66 39 85 18 69 25 18 32 21 36 26 26 63 28 90 15 83 78 94 38 4 25 52 60 64 6 14 85 81 98 23 47 77 95 6 23 76 12 15 
81
17 20 84 26 79 40 95 2 25 23 11 99 64 70 39 45 85 76 68 53 34 73 8 63 1 92 66 48 63 79 82 100 47 96 54 72 91 89 79 93 2 72 74 48 8 89 74 4 72 12 29 82 57 65 11 53 100 68 18 21 53 70 11 72 59 59 11 17 14 58 87 31 56 76 2 38 18 43 59 63 33 62 73 48 49 70 30 60 10 26 60 54 80 65 98 33 32 94 31 54 2 27 7 15 4 44 75 95 61 51 74 94 39 63 39 4 58 50 80 79 67 62 96 97 72 84 99 94 96 86 81 97 77 22 32 43 48 36 56 64 83 42 11 43 87 14 49 28 43 5 38 80 59 90 71 24 87 2 15 58 86 35 
83
91 12 76 51 44 41 42 72 26 11 23 40 75 55 50 97 25 29 12 74 73 54 99 46 35 61 23 76 71 66 30 8 63 58 60 96 77 37 32 66 10 71 55 49 61 72 7 33 12 69 65 10 8 39 4 97 15 91 3 100 20 82 68 78 67 28 10 98 17 29 40 33 85 95 95 93 96 99 81 41 12 51 64 87 74 86 50 41 42 7 44 32 10 84 81 78 39 28 31 60 57 5 80 46 43 22 84 56 11 45 64 74 97 4 73 55 17 82 36 29 61 33 96 64 90 10 73 5 12 98 27 48 44 85 25 75 97 86 54 34 5 92 11 90 18 53 12 93 99 42 5 31 94 51 57 95 98 22 53 57 31 17 55 30 67 66 
9
87 78 36 96 96 62 25 6 32 20 12 57 26 34 100 85 8 2 
11
37 5 17 92 80 32 98 37 21 17 62 6 51 17 96 31 38 48 100 89 88 40 
89
36 34 94 76 96 32 66 76 9 32 58 42 35 50 71 20 100 81 100 21 27 8 58 47 77 25 43 28 69 75 68 66 70 38 75 87 60 2 57 78 32 5 20 92 19 99 33 85 99 3 55 69 61 3 74 12 59 90 83 38 23 62 90 33 77 51 50 64 10 94 96 38 31 5 19 47 75 1 92 8 93 94 36 13 87 70 52 3 31 10 74 84 78 90 41 19 84 86 24 1 54 78 71 11 80 23 52 5 55 9 29 3 26 30 17 15 29 69 99 26 17 9 85 89 33 79 9 54 40 40 80 57 88 71 75 65 5 67 99 61 20 65 5 19 93 88 54 60 98 57 100 92 36 31 92 63 6 71 66 13 23 30 83 58 3 93 30 21 61 63 18 63 20 56 29 89 41 31 
55
41 14 89 71 17 86 72 100 3 1 26 32 45 43 2 49 48 63 80 68 2 92 52 67 16 84 6 55 74 86 13 3 80 91 79 82 53 97 100 55 31 81 84 71 30 5 42 85 15 88 2 99 50 54 42 29 92 72 31 87 68 99 45 14 47 81 81 50 69 2 43 50 78 18 46 52 60 47 66 88 59 86 87 92 11 10 48 96 90 71 63 37 39 19 48 46 87 89 36 31 33 78 21 2 95 44 97 77 17 10 
55
18 33 59 51 94 11 2 56 26 28 99 12 60 69 12 67 70 35 99 33 80 51 79 70 77 85 90 73 64 3 18 2 72 38 25 56 99 63 14 97 36 1 56 65 47 31 61 24 98 80 69 59 52 34 74 4 32 55 37 95 70 35 89 57 46 46 80 16 3 32 88 17 67 7 11 84 46 88 40 33 56 23 81 20 35 9 32 8 60 65 51 72 30 26 88 10 38 44 14 35 28 61 24 93 8 72 21 26 39 69 
83
94 8 25 20 56 29 91 24 58 87 72 22 72 72 37 63 60 46 24 20 98 24 21 14 4 54 22 32 97 62 66 68 78 55 63 52 53 44 39 67 10 2 75 49 8 40 31 51 22 78 84 67 86 26 52 50 68 37 28 51 27 37 99 90 83 29 16 15 38 87 4 64 78 62 93 36 97 75 49 32 3 65 37 45 67 99 38 51 53 66 32 61 44 46 70 35 66 2 28 15 76 80 16 96 80 62 77 6 33 21 35 81 31 91 41 66 87 40 10 21 22 89 38 79 3 16 5 89 91 75 81 51 65 41 53 91 91 77 67 51 37 68 46 51 33 80 52 71 17 93 28 98 66 64 93 73 7 83 18 76 82 45 57 17 38 74 
93
80 69 95 23 54 49 63 53 21 60 95 66 91 37 20 47 61 43 14 9 100 37 7 20 94 76 44 84 61 8 14 2 50 98 71 27 88 77 56 10 82 93 40 90 36 52 60 51 2 52 55 66 47 91 37 54 17 41 65 1 76 46 88 75 46 72 24 80 55 51 84 24 45 8 46 46 60 95 66 44 41 32 14 30 44 1 47 37 98 25 37 59 22 37 41 70 46 59 70 9 45 52 93 63 23 84 17 92 100 21 81 4 83 67 99 36 11 94 51 13 2 97 19 8 93 69 84 19 8 46 55 54 45 21 72 25 71 56 34 46 34 98 32 4 53 59 21 4 79 59 93 46 41 95 31 66 29 56 32 30 7 26 7 37 87 62 14 35 15 10 41 92 43 68 37 64 91 23 58 30 38 60 22 64 14 48 
77
54 65 92 88 39 92 17 50 37 59 95 19 31 30 37 4 13 80 52 95 36 10 53 32 15 2 6 50 2 43 50 88 88 13 15 37 70 87 33 78 16 1 57 97 10 74 41 4 97 77 75 27 24 10 50 42 46 1 97 10 37 74 21 20 52 68 92 48 48 52 42 42 88 61 9 61 84 18 86 1 15 92 17 54 48 19 34 44 79 100 43 38 4 28 44 94 12 58 72 39 37 23 24 56 22 56 54 47 46 73 58 2 73 63 28 6 61 5 83 12 68 53 99 51 91 22 9 55 6 62 6 12 84 67 20 94 46 87 70 85 44 42 10 57 78 47 66 93 13 23 65 78 25 13 
79
34 8 7 43 26 6 22 54 83 30 66 36 44 40 81 97 5 82 55 94 12 4 20 4 95 42 87 70 33 53 83 95 94 76 74 69 79 77 17 63 69 9 6 64 16 14 28 84 64 26 36 22 26 3 65 8 82 9 99 79 91 9 36 45 16 22 86 26 5 98 69 85 22 87 24 72 52 59 89 90 57 55 59 77 53 11 94 91 46 27 51 78 57 93 46 14 53 2 47 82 94 16 82 77 62 75 57 44 26 52 29 57 29 23 36 84 98 7 93 44 86 26 14 99 49 90 51 64 11 18 97 86 44 27 53 91 22 74 56 41 73 7 54 51 84 18 34 38 69 51 5 64 17 77 48 95 9 80 
71
18 86 86 99 4 34 79 72 33 18 22 16 44 69 42 85 37 5 61 96 7 23 65 25 84 88 72 91 7 73 73 56 55 38 17 47 78 91 15 10 51 43 96 94 52 92 80 64 88 64 72 65 51 43 24 26 82 12 40 14 99 41 18 88 29 92 34 36 14 80 90 96 41 23 33 50 1 3 62 58 70 36 56 83 26 67 69 93 29 43 56 58 45 70 69 54 83 13 13 26 89 95 41 40 58 75 56 97 13 97 88 28 6 82 16 51 74 96 28 81 62 6 83 23 8 2 22 35 75 37 55 48 40 67 32 76 38 10 15 81 38 94 
57
39 93 15 64 36 22 98 16 42 20 70 88 32 26 29 44 65 78 48 31 4 55 38 20 100 82 64 73 95 3 19 80 79 84 9 94 29 57 54 44 68 94 47 41 78 35 48 45 31 59 62 52 62 83 52 97 9 93 87 7 100 40 14 15 51 96 86 94 32 44 34 37 100 85 90 18 59 70 10 45 38 50 30 21 91 25 12 31 8 98 88 43 40 23 99 26 16 39 15 20 42 40 5 30 68 64 9 69 20 42 57 3 6 5 
45
17 60 77 75 55 4 85 91 56 28 93 7 92 72 87 4 42 49 98 67 87 69 77 4 65 19 8 80 46 61 26 79 83 37 21 96 1 95 96 79 32 28 76 87 70 96 3 96 4 67 59 77 86 66 30 72 94 51 96 16 13 47 75 83 62 54 26 17 28 40 9 86 85 5 37 11 8 96 41 24 25 57 6 65 55 13 86 14 60 23 
77
83 60 86 9 10 70 35 95 65 10 25 79 1 99 29 2 22 12 40 20 73 44 77 97 1 68 39 62 62 11 61 41 9 14 72 100 97 46 53 31 62 28 15 62 98 87 81 75 82 7 89 58 30 69 84 93 24 7 79 77 58 51 65 57 34 36 39 22 17 14 94 64 25 24 82 93 13 13 58 41 34 77 37 60 52 88 19 59 35 42 70 65 6 63 36 56 86 42 29 91 34 93 87 44 53 48 33 21 90 63 8 69 93 37 73 64 8 35 71 74 18 83 48 6 96 75 78 58 37 95 73 18 76 88 4 69 18 99 51 97 58 24 32 24 98 38 87 68 16 52 4 68 20 45 
45
44 38 14 50 44 84 92 29 15 40 76 81 41 52 85 24 30 90 20 96 18 24 38 43 38 22 28 10 33 32 4 40 5 66 16 17 44 98 95 54 59 92 59 12 48 11 5 50 41 62 19 96 29 31 78 3 10 46 62 37 7 12 79 4 95 42 41 75 42 71 48 76 76 12 18 61 78 1 82 44 54 68 20 32 56 9 60 60 1 34 
65
12 22 56 4 34 89 93 63 69 61 58 11 11 15 80 16 58 31 53 20 73 38 79 33 89 47 53 3 67 48 44 93 56 26 78 72 67 7 58 39 45 52 75 33 55 33 63 32 10 43 2 76 38 84 98 55 67 86 35 81 7 89 36 9 81 81 63 74 22 14 3 2 13 83 79 97 88 16 92 20 42 59 72 99 78 30 75 7 16 98 83 10 62 35 16 60 58 57 86 70 65 96 67 38 2 15 92 73 96 44 12 41 25 20 100 91 31 3 98 83 62 31 79 99 31 51 80 4 1 21 
59
25 88 46 53 33 55 65 31 21 3 94 79 22 96 94 35 37 33 93 16 51 34 28 5 69 54 63 16 60 5 66 36 28 11 12 1 15 2 18 8 92 64 66 96 8 2 5 26 54 59 63 60 17 3 30 16 96 48 27 39 49 91 93 58 94 75 100 32 78 90 51 66 57 3 72 40 3 34 30 4 56 89 44 63 30 42 95 39 67 63 1 93 2 34 70 15 77 57 34 41 51 34 29 6 53 7 90 40 72 94 22 25 59 48 93 50 57 39 
63
60 3 35 69 11 84 60 62 24 26 23 64 89 53 12 72 15 86 38 1 1 70 13 7 49 29 44 40 26 61 77 4 40 83 47 4 33 41 36 73 71 36 20 97 74 44 68 70 84 30 94 20 24 43 93 15 20 90 18 86 35 61 37 8 87 90 98 58 21 70 47 93 81 87 66 80 63 79 39 34 58 15 17 44 48 99 12 42 16 35 32 84 10 87 19 89 97 45 78 43 6 39 1 44 99 81 37 66 67 55 5 67 10 86 77 43 70 54 24 76 96 62 11 66 43 86 
49
45 23 78 59 27 84 81 78 55 27 2 10 32 98 19 77 62 60 66 51 71 30 44 32 93 72 47 21 92 93 55 54 14 35 94 83 9 17 70 70 22 7 82 93 83 98 34 92 78 95 11 70 34 51 63 32 18 70 58 90 60 62 16 99 90 5 68 9 43 67 77 76 52 12 10 7 75 76 30 19 31 62 39 53 28 74 38 34 92 29 98 35 13 89 67 29 32 89 
