27
33
25 92 59 13 20 15 51 66 46 4 45 72 25 71 78 60 96 67 88 93 34 77 46 60 34 56 19 1 68 98 62 18 95 20 45 62 57 10 15 81 35 94 12 26 37 3 92 39 28 97 71 88 70 82 60 61 22 36 36 55 65 86 35 94 82 1 
95
29 52 59 90 37 42 21 9 92 33 1 77 63 6 42 68 69 34 69 92 80 3 39 91 62 96 47 45 27 43 48 70 72 77 1 42 54 51 28 52 45 29 54 69 93 44 40 53 97 86 83 2 56 10 11 96 94 32 50 17 96 63 45 83 39 48 5 100 45 17 87 86 66 25 38 83 2 38 98 91 38 13 14 11 88 91 56 83 68 58 22 73 18 25 89 92 82 28 54 19 73 46 5 68 86 63 49 81 83 25 55 63 61 33 72 60 56 27 60 88 80 96 91 53 95 67 63 48 96 95 47 12 86 72 63 59 2 90 16 85 39 39 70 12 82 71 78 86 21 23 28 71 92 94 60 13 82 60 65 88 74 93 20 62 4 65 84 47 83 77 19 55 92 84 38 25 70 46 19 53 84 56 66 60 66 32 43 55 13 33 
91
6 67 97 50 44 79 25 71 84 5 12 88 43 23 77 24 23 43 50 51 91 81 49 81 21 80 7 72 14 96 39 43 94 52 79 87 12 97 18 42 8 87 9 71 43 5 64 75 19 26 34 31 52 70 97 29 94 42 1 89 40 77 64 48 79 43 32 33 34 51 25 89 51 68 86 26 53 74 65 19 100 96 80 10 2 88 80 77 85 23 97 73 53 17 23 69 84 57 17 40 51 51 29 92 56 89 83 99 17 71 42 22 13 56 27 37 73 10 18 57 3 12 47 15 10 100 91 82 71 17 50 11 56 85 16 47 14 76 49 32 8 90 98 36 18 80 46 24 7 10 72 63 79 38 35 99 30 84 79 65 56 65 32 11 23 38 55 76 34 25 26 73 96 55 82 44 62 60 3 31 15 50 
115
41 85 94 73 1 12 18 98 31 32 70 89 94 75 59 35 31 25 100 45 36 41 5 81 25 64 72 45 20 86 15 80 87 50 55 18 33 82 13 31 94 26 4 72 8 83 13 44 49 88 46 12 91 79 68 45 23 6 69 76 61 58 41 32 44 62 75 38 55 79 92 14 48 32 11 34 37 53 10 86 60 75 2 64 84 87 19 78 35 56 12 73 88 22 54 12 37 91 88 79 15 10 56 42 90 91 76 86 63 63 51 74 2 68 92 5 68 42 82 35 2 19 75 53 95 36 14 7 92 32 10 81 54 94 88 32 1 49 42 42 66 39 86 78 81 100 78 90 41 68 18 90 84 29 47 50 6 53 70 95 84 64 33 73 84 43 10 4 99 65 43 30 34 2 20 89 71 91 26 13 55 76 18 100 95 80 16 39 13 88 97 64 54 3 84 43 61 59 63 38 41 11 67 71 76 76 96 34 34 87 93 78 78 43 18 2 87 61 61 6 72 41 49 80 7 41 25 33 18 37 
123
100 36 38 33 75 32 2 20 59 56 88 48 82 46 75 38 11 43 11 42 10 63 81 16 81 27 88 72 83 35 30 63 31 24 15 35 20 10 77 98 58 96 5 1 26 99 6 51 69 31 91 55 100 13 67 28 69 35 74 6 73 44 53 46 28 43 26 66 87 70 11 31 43 69 39 81 78 68 9 86 43 63 76 39 94 35 98 24 88 10 46 95 15 90 49 14 88 44 32 54 20 82 41 9 30 64 72 40 26 90 56 66 2 54 48 9 97 79 77 79 45 54 85 79 4 28 45 66 3 83 27 34 78 47 25 75 67 100 11 69 96 95 33 45 28 93 54 14 12 63 64 50 18 12 88 66 33 10 80 92 64 17 63 75 47 46 29 18 55 21 22 63 39 37 74 40 92 41 79 59 98 44 79 94 95 47 3 26 90 32 43 18 71 88 72 91 4 33 87 66 33 26 50 18 74 14 44 43 17 64 52 39 18 60 21 47 70 69 34 63 3 51 79 76 95 99 96 63 70 9 26 17 83 54 29 83 64 96 26 21 65 26 63 27 32 74 
55
64 50 53 61 93 19 42 3 34 35 28 94 46 45 71 87 18 59 90 17 90 24 40 77 10 68 84 84 9 27 58 97 38 32 76 45 9 36 4 82 52 70 65 59 53 58 36 62 29 3 25 91 61 35 37 19 93 56 11 82 54 96 18 14 83 29 56 65 7 76 84 2 81 26 43 67 9 34 10 69 52 53 53 24 85 65 24 100 40 73 13 98 69 40 53 62 66 46 55 66 35 34 54 32 7 38 61 82 56 29 
11
80 72 91 3 5 10 45 25 13 23 83 23 95 7 49 56 37 46 91 39 31 93 
67
27 3 61 39 10 35 16 92 70 57 92 43 46 27 98 20 91 28 15 10 71 26 76 55 82 52 8 45 77 74 37 35 29 56 28 83 95 40 65 46 87 54 99 83 36 4 76 100 29 100 33 4 21 90 54 41 1 49 21 31 44 11 46 42 80 29 70 20 62 29 94 99 54 17 87 8 31 41 74 55 81 58 30 5 8 6 20 74 65 44 66 65 53 39 87 99 54 67 75 74 84 22 73 6 59 78 52 39 16 78 99 32 71 41 54 73 29 11 56 92 49 88 4 49 60 92 21 95 44 49 96 26 97 47 
127
14 35 56 88 35 61 30 99 69 20 8 38 2 80 13 98 21 98 40 13 86 83 44 85 83 23 13 69 65 91 11 4 96 30 70 71 87 9 71 2 18 52 74 77 77 25 74 30 47 3 52 58 93 41 24 80 16 100 18 100 7 60 84 93 39 28 22 50 23 67 15 27 78 84 99 77 100 36 26 70 70 14 93 60 83 73 66 73 24 89 52 76 76 31 70 2 41 78 32 83 29 17 10 98 76 1 47 32 31 83 67 35 46 45 78 36 35 45 37 85 93 15 32 33 50 25 20 68 11 100 1 28 54 15 78 44 57 87 16 3 79 65 28 94 49 21 57 38 49 77 67 46 35 18 73 39 47 63 11 88 5 85 75 78 84 67 50 92 87 27 23 69 46 7 82 97 4 92 55 28 23 93 57 12 43 73 78 93 1 98 57 41 16 4 61 88 85 16 88 78 6 43 79 94 96 44 35 98 71 98 38 36 28 74 100 86 37 17 18 7 7 9 59 26 54 9 77 78 3 21 14 78 8 62 1 98 85 37 76 8 53 81 40 45 59 39 9 22 81 53 2 98 51 13 
5
70 55 87 44 22 30 40 6 51 97 
33
85 31 53 79 10 71 25 86 86 76 31 48 90 55 86 2 32 37 77 97 29 57 14 61 93 23 11 74 98 61 79 56 23 42 32 6 54 96 82 93 72 16 64 52 82 30 4 9 18 79 2 37 95 70 34 42 24 73 22 81 28 89 82 93 53 45 
27
34 67 15 55 46 24 43 93 45 77 68 4 29 7 90 60 18 30 82 82 28 89 58 9 8 41 2 64 39 47 32 59 42 81 31 100 81 20 68 57 87 54 42 63 35 48 11 21 23 22 63 92 43 44 
67
83 20 44 65 38 99 53 54 32 28 39 75 22 30 15 35 1 47 47 37 39 23 85 72 100 32 27 27 44 53 11 10 56 69 63 35 4 60 45 84 25 24 23 43 54 32 57 44 10 11 13 79 58 65 28 61 67 74 85 18 97 67 52 58 59 37 99 9 25 91 63 37 83 17 35 37 70 30 91 65 70 50 92 39 44 68 93 44 97 26 12 90 100 15 97 93 1 35 95 38 55 58 6 56 25 20 54 32 10 70 30 99 51 66 55 53 52 46 10 19 21 70 10 62 45 90 72 90 97 53 42 37 2 31 
167
95 1 3 42 69 37 45 19 84 51 21 34 83 65 71 75 44 2 27 93 34 39 64 57 74 45 38 70 78 47 100 72 79 34 70 19 12 47 52 88 92 98 17 73 42 13 58 8 59 53 23 45 21 97 19 48 65 86 39 7 75 60 31 77 4 88 69 89 24 22 13 42 82 9 45 8 4 32 33 30 61 63 16 66 59 37 82 40 20 79 82 46 98 5 55 54 45 30 58 24 100 98 42 53 21 99 85 68 85 55 60 35 14 68 82 90 18 27 84 13 75 52 47 27 99 14 18 68 73 10 10 4 5 84 53 56 50 43 56 93 57 23 10 43 92 89 9 70 81 73 65 51 75 14 79 66 88 55 50 67 13 92 98 8 33 61 84 69 59 89 5 78 6 58 42 12 93 58 4 16 32 42 78 84 94 10 31 81 78 84 59 92 68 39 6 4 30 11 63 90 89 43 79 19 37 80 62 27 21 1 89 40 14 76 85 65 79 5 82 60 39 82 19 13 40 23 54 7 92 2 51 30 67 32 84 9 97 74 43 43 3 44 71 54 100 63 45 63 74 76 88 64 93 40 31 31 23 71 81 76 86 46 43 29 90 88 73 79 92 6 35 92 15 31 80 42 96 80 54 36 76 5 43 63 21 75 52 8 34 47 95 87 97 43 49 84 76 48 50 38 65 35 26 9 53 20 55 56 48 15 42 19 15 14 35 100 29 85 75 41 46 26 39 9 61 30 67 99 62 44 3 41 81 13 
73
26 49 85 77 15 91 76 29 64 96 16 13 76 21 6 50 30 36 40 4 76 84 21 28 2 70 97 69 6 73 56 67 72 61 65 78 99 87 8 24 55 32 64 39 65 33 6 61 44 57 28 54 27 98 74 86 49 55 40 87 83 19 46 39 19 47 80 14 46 17 7 34 29 67 22 16 64 59 25 4 48 41 11 16 30 30 20 62 13 19 9 27 6 31 24 74 71 84 19 65 81 72 4 83 24 8 87 98 12 77 91 12 91 81 13 98 75 45 98 81 42 46 85 62 56 68 41 37 12 1 8 20 41 30 16 9 21 64 69 42 74 45 46 43 1 7 
75
21 19 31 68 30 84 14 93 84 49 34 11 6 4 72 26 83 48 4 60 60 73 44 75 92 25 47 13 100 67 2 11 44 30 31 17 84 10 9 92 13 79 78 90 65 32 71 59 39 69 86 34 32 83 88 56 12 54 41 64 31 70 15 53 29 9 21 81 68 92 94 89 86 88 14 22 97 41 54 51 50 27 13 39 49 60 36 18 46 35 89 34 57 13 99 14 12 26 42 33 25 31 76 82 90 17 91 35 49 30 89 37 32 70 65 98 97 98 35 50 69 1 71 26 67 34 99 34 88 68 25 51 89 90 10 16 70 69 22 80 13 72 32 9 90 9 5 54 32 14 
59
44 82 13 74 67 44 73 36 97 20 71 51 95 73 73 93 61 89 81 5 95 19 91 36 88 42 32 94 75 47 85 46 27 93 39 82 78 12 47 54 17 94 21 64 29 68 82 56 56 22 98 60 57 85 45 8 7 33 91 3 33 35 30 43 2 80 8 72 58 8 48 88 22 54 66 38 49 46 76 51 52 91 94 43 8 23 74 28 29 63 69 47 4 42 95 99 91 16 3 91 54 42 26 49 42 29 40 51 84 88 98 94 27 24 8 53 40 42 
183
92 39 95 87 96 79 7 1 92 75 86 23 1 14 87 4 78 9 81 35 4 51 57 51 42 23 5 86 88 1 91 4 58 71 77 22 96 63 56 72 80 77 43 100 46 40 32 84 61 41 83 81 100 69 37 53 12 23 30 14 63 9 72 3 35 61 87 90 28 68 100 98 90 20 41 52 79 75 21 89 60 48 56 89 20 4 51 57 3 71 78 55 23 43 30 95 42 3 53 92 91 87 61 24 16 80 75 2 30 73 15 13 24 42 93 44 6 33 33 66 90 91 32 35 57 48 56 41 94 39 54 68 70 10 54 36 40 15 45 11 89 89 43 76 17 7 76 69 77 14 20 12 16 81 82 74 79 22 40 20 84 42 16 73 67 5 8 19 57 79 25 46 96 18 98 37 51 15 41 61 71 69 76 22 69 72 46 97 74 12 18 63 24 13 34 43 25 15 46 41 89 70 29 77 14 60 45 46 78 29 94 3 99 74 34 7 71 30 34 85 83 80 59 80 19 20 8 32 38 2 88 98 6 93 11 91 24 92 58 41 92 42 30 11 42 92 83 15 35 95 6 95 92 44 83 89 71 47 15 14 39 89 68 86 15 69 65 26 86 25 22 78 10 87 38 85 25 93 62 38 4 2 58 64 27 76 48 4 52 79 36 12 82 11 78 70 85 15 86 68 54 20 76 32 13 34 7 39 13 55 48 75 8 67 23 14 86 43 6 68 93 9 52 38 44 97 94 72 4 93 76 47 6 99 27 11 27 61 92 62 7 64 18 26 90 30 55 72 93 92 27 97 95 18 55 62 62 37 91 25 26 98 74 11 9 77 
5
96 69 45 4 25 46 43 39 48 98 
159
20 38 41 49 42 51 97 90 82 68 26 94 2 46 92 15 78 12 43 38 62 15 39 6 30 39 69 19 41 38 55 91 68 26 40 58 19 34 44 44 65 83 86 46 29 51 79 15 3 65 79 35 33 12 96 46 55 70 29 18 17 87 74 15 64 56 55 57 36 86 8 49 93 36 63 20 46 98 84 10 17 50 45 36 74 91 71 47 46 8 62 96 8 5 83 8 34 12 29 75 19 48 39 66 66 55 29 60 28 36 81 24 15 52 17 26 21 56 67 63 97 17 71 86 11 10 91 27 89 98 49 18 21 15 95 11 79 95 29 48 15 44 30 50 11 27 52 97 30 35 59 12 11 23 44 11 55 53 78 1 3 35 89 57 91 46 17 8 80 85 74 77 89 100 47 21 80 98 11 15 97 87 6 68 41 64 52 69 80 56 65 88 16 95 41 53 45 84 46 20 7 18 1 10 27 3 22 96 79 50 12 91 68 17 20 69 90 59 37 81 62 37 44 38 23 33 92 84 72 96 16 17 53 95 48 62 64 27 38 60 54 50 5 51 4 3 61 66 56 91 24 69 51 22 30 58 35 73 24 8 17 71 22 19 33 20 61 5 39 97 44 3 44 35 85 74 3 84 63 74 29 86 83 28 79 90 49 20 47 62 49 5 71 13 20 64 64 9 60 42 40 5 65 16 7 44 21 44 88 56 68 49 92 74 87 45 36 45 
85
79 24 33 16 18 40 75 33 96 81 88 85 47 1 46 91 40 61 33 75 87 62 30 79 33 48 41 28 80 97 33 63 78 41 35 44 11 49 11 60 1 53 39 52 32 59 72 38 70 72 31 37 41 4 87 19 6 95 39 89 34 95 69 67 13 59 82 48 20 57 29 4 15 100 19 87 80 68 6 45 100 51 50 50 54 34 55 63 27 90 34 90 84 31 3 69 67 50 58 28 51 45 91 55 84 20 31 88 85 2 56 86 39 97 75 56 64 8 34 53 34 6 83 74 33 3 39 99 9 29 42 38 63 93 40 68 72 98 53 35 20 16 67 72 87 53 32 72 85 12 44 94 75 70 58 10 30 64 76 43 32 25 69 54 91 92 44 50 92 44 
141
9 15 75 44 56 85 94 6 38 35 16 5 44 32 38 24 9 64 68 1 58 99 70 95 95 3 85 1 80 86 34 44 51 3 40 65 11 65 3 60 49 99 81 87 45 67 15 63 21 56 2 23 97 2 20 63 77 65 25 4 56 60 59 11 54 41 59 100 54 87 28 88 59 46 65 90 84 89 58 60 17 44 82 36 73 12 2 94 22 62 45 39 100 45 17 87 89 88 24 40 53 66 43 10 57 50 70 92 100 34 50 20 25 54 7 99 31 77 20 48 92 28 75 87 16 80 9 68 59 58 84 78 79 58 21 73 34 78 46 46 50 54 62 67 77 67 61 54 48 60 37 81 100 64 70 34 87 10 82 20 72 90 87 4 65 5 29 31 36 91 1 81 70 93 73 60 87 74 6 88 78 8 3 84 28 18 77 64 31 2 87 30 43 23 32 9 4 3 73 69 63 64 65 55 15 22 76 72 38 31 66 13 73 14 8 71 87 86 16 39 27 97 70 28 17 65 37 48 90 23 90 26 49 44 95 71 58 85 69 79 7 12 11 26 58 59 8 73 84 96 81 43 14 40 40 30 28 89 64 46 40 81 100 17 45 30 37 40 18 37 12 13 57 58 24 97 52 54 26 45 72 28 
39
33 7 94 77 71 50 23 77 95 32 12 85 32 79 65 78 90 5 46 85 65 84 37 12 23 64 16 48 19 49 56 34 93 24 35 64 90 25 83 18 17 84 64 5 17 37 53 67 71 74 24 59 14 18 48 16 12 2 4 40 63 29 20 87 28 74 53 50 71 100 64 98 23 48 39 74 69 57 
69
45 7 92 11 97 37 19 30 42 10 28 4 24 74 62 14 54 49 41 44 46 99 78 74 100 81 76 9 67 33 55 11 82 89 46 61 47 65 31 90 9 59 64 42 11 5 93 91 48 57 41 29 97 38 44 46 73 56 85 13 9 49 35 69 82 4 34 48 79 97 88 18 38 89 2 79 89 46 23 100 31 56 34 40 85 1 82 67 33 66 53 90 20 61 50 40 41 87 46 76 1 62 62 41 23 27 3 87 75 61 58 6 15 30 8 29 80 20 68 28 58 72 84 98 10 24 2 96 6 56 37 38 39 34 8 76 96 34 
51
73 66 39 24 16 80 52 27 73 80 27 67 91 32 53 76 12 38 52 70 93 71 26 60 88 10 45 11 28 2 86 71 39 94 1 97 9 57 69 73 55 57 33 2 98 90 38 64 20 46 26 51 29 76 37 6 96 80 54 16 97 62 73 90 45 91 43 91 37 70 81 27 97 44 4 30 89 78 11 79 57 97 2 11 7 24 10 51 88 35 17 93 24 84 84 30 26 88 91 54 77 45 
119
47 58 13 78 12 31 56 78 34 81 70 46 46 31 55 71 45 61 86 55 47 3 52 11 99 70 55 20 59 29 80 38 65 78 90 83 91 44 92 78 57 81 29 20 98 23 10 14 30 9 65 69 42 43 65 48 8 94 52 88 48 87 37 8 16 8 22 16 26 48 20 48 62 89 89 53 89 63 19 21 7 78 3 65 45 83 20 5 33 2 23 33 39 83 94 71 13 4 38 31 47 51 95 69 65 4 1 11 31 88 21 35 43 82 21 49 56 60 29 43 49 72 87 39 80 17 3 17 34 93 5 50 65 87 56 9 43 36 99 15 89 64 56 98 19 1 93 91 12 4 32 83 7 2 13 51 16 66 38 14 7 68 34 30 20 64 96 49 94 59 23 69 21 20 52 98 70 79 96 98 64 29 69 56 52 74 90 57 71 68 76 53 43 39 15 36 35 43 43 46 38 46 4 85 16 96 45 62 39 57 50 65 2 14 36 15 89 79 75 47 43 89 46 62 59 64 3 87 19 17 8 58 80 87 31 28 10 53 
161
86 39 6 10 65 89 20 20 36 35 89 71 12 1 97 46 82 69 83 92 44 51 40 93 21 71 58 88 57 92 27 90 63 15 14 16 74 66 7 23 27 75 72 33 99 64 87 75 70 49 40 62 63 81 87 20 83 2 61 65 92 59 75 54 82 82 19 53 24 56 71 84 19 39 38 12 95 27 26 68 52 97 42 76 47 22 6 17 96 21 26 16 8 26 11 61 34 36 31 80 66 96 58 32 83 85 55 98 89 55 52 99 19 73 88 81 80 71 38 31 85 20 69 26 39 78 57 84 36 84 13 41 3 80 95 18 27 10 84 14 46 94 59 81 89 17 24 88 54 69 30 58 21 91 56 61 42 23 55 94 27 6 48 28 65 45 17 8 36 94 24 98 89 15 90 31 100 97 41 98 32 18 35 16 16 32 74 21 36 37 9 83 84 55 10 26 29 71 19 83 95 51 91 4 24 28 14 44 39 93 28 73 36 75 71 36 2 78 81 66 48 67 16 10 2 56 21 35 99 46 62 68 69 81 32 68 52 27 16 9 39 78 13 16 28 38 20 86 29 83 79 81 3 83 19 6 28 63 70 76 8 70 5 44 14 10 30 77 7 9 23 87 94 43 25 45 79 96 8 25 19 77 84 60 42 31 20 81 5 2 77 58 84 53 77 7 27 62 83 80 88 7 70 71 25 88 72 63 34 15 95 42 59 77 57 51 78 70 91 79 35 63 
