30
43
3925 2990 3134 4567 2052 4361 3599 3415 2750 2168 3162 4610 4745 2897 3410 4117 3733 4186 2367 3110 4336 3207 3461 2737 4601 4073 2083 4063 3133 4763 3851 4908 4362 3411 2756 3483 3404 2197 3462 3338 3270 2327 3873 3881 4393 3840 2345 3564 4893 3895 2090 4284 4124 2820 4680 4217 2951 2988 4542 2017 3761 2490 3481 4003 4702 2085 3986 3813 2109 3690 4962 2361 3587 3293 2515 4965 3472 2012 2992 4022 2210 3515 4265 4783 2374 3194 
85
2036 3594 4338 2055 3963 3372 4500 2881 4224 4297 3709 2362 2797 3719 4645 4804 4929 3117 4630 3289 2050 2426 4610 2334 2203 4155 3662 4786 3362 2864 2489 3451 2281 3047 2366 2333 3620 3960 2559 4326 2035 4027 4678 3922 2480 2195 4181 2367 2797 3119 4523 3628 2427 3029 4820 4768 2821 4056 4764 3033 3357 3988 4058 4546 2947 2050 2411 2710 3632 3860 4889 3728 2860 3142 4351 2089 4983 3976 2801 4013 2177 4763 2336 4838 4009 2442 2549 4382 2806 2623 2686 2052 2294 2395 4481 3912 2727 3853 3109 4570 3099 3826 2599 4737 2138 3409 2704 2606 3717 4419 3876 2606 4227 4941 3260 2766 3126 4344 3015 3816 2239 4333 3675 3751 3307 4600 2425 3074 2922 3771 3345 3117 2274 3267 4614 4201 3374 4263 3429 3815 3759 4287 4007 2825 2023 4086 3292 2570 4942 2788 2963 2697 3634 2166 3746 4311 4892 3305 2869 2986 4071 3234 3376 2737 2837 3638 2639 2595 4551 2263 
127
4998 2229 4135 4367 2409 2809 4939 2857 2858 4113 2217 2817 2201 2182 2814 2277 4434 2530 2120 2863 2274 2630 2258 2720 3145 4515 2464 4458 3894 2987 3547 2966 4681 2479 3702 2924 4317 3856 2749 4327 4102 2351 4942 3624 4024 2669 3351 3076 4610 2958 3721 3773 2602 4649 4279 3716 2067 4051 4267 3838 4246 4898 2094 4773 2241 3933 3272 4871 3950 3387 3630 2369 4848 4191 2802 4367 3038 2809 4291 4993 4294 3387 4991 2266 3793 3179 2984 3595 2950 4826 2906 2461 3380 2481 2825 4065 4241 3897 2201 2564 2328 4575 2471 4567 4093 3131 3732 4621 2449 4974 4769 3533 2720 3250 2133 3588 4859 2701 4255 2862 3673 4690 4052 3444 2385 4147 4991 4953 4099 2366 2138 4423 3036 4657 2184 2681 3056 2297 4414 2739 3811 4262 3508 3577 2117 2787 4879 4794 2369 3709 4925 3963 3176 3079 4782 3627 3506 4755 2432 4661 4215 4210 3801 3274 2096 4353 2867 3858 3880 4935 2155 2618 4644 3501 4186 2012 2431 3259 3735 4075 2750 3141 3192 4428 3362 4571 3381 3902 4637 3455 3365 2423 3238 4325 3446 4060 2669 3769 3398 2967 4902 2318 3787 4294 3136 4038 4619 4982 2728 3404 4812 2351 2982 4240 4570 2348 4957 2329 4473 2043 2604 4093 2875 3485 3839 4582 2880 4084 3495 2758 2516 2942 2993 3805 3223 4235 3075 4916 2380 3762 4554 3412 4838 4711 4087 4061 3535 4414 2612 3543 4958 2876 4283 4041 
135
2415 4696 2785 4498 4037 4311 2184 2965 2758 3840 3529 4206 2308 3449 2661 2774 3546 4983 4563 3152 2068 2004 4666 2373 2242 3396 3299 3574 4347 2158 3594 2758 4188 3624 3757 3914 4181 4289 3082 2184 3872 3122 3246 2430 3858 2626 4129 2642 4184 2353 3182 2377 4012 2312 2676 2939 2255 4595 4878 3002 4875 2223 4956 4399 3755 4877 3397 3281 4989 4591 4995 2341 2614 4776 4522 4895 3179 2053 2516 4146 3994 3537 2890 2100 3933 4728 2036 2761 2807 2380 3443 2695 2389 3010 3760 3362 3271 4924 2619 3803 3321 4933 4080 2099 2847 3689 3997 2821 3076 3001 4861 4750 4558 4955 4962 2229 4323 2628 3308 2139 4030 3048 3894 2805 3624 2507 4762 4261 2311 4840 4427 4729 4079 2332 3979 2396 3852 2227 3021 3227 2637 4012 4064 4585 3096 3679 2103 4338 4488 4823 4672 3110 2950 4020 3293 2979 3395 2781 3891 3433 3307 2141 2222 2828 2720 3799 4957 4696 4283 3656 2277 4179 3992 2903 4420 2867 4779 3246 4603 3644 4638 4970 3504 2893 3654 4175 2831 4546 3102 2321 4079 4019 4959 2891 3660 4041 2044 3621 2965 4204 4982 3827 2746 2001 4499 2699 4804 2607 4627 3688 3319 3595 2291 4912 4802 3477 3903 2794 2910 2142 3835 3704 3851 4484 3296 4248 4050 3471 4556 2571 4250 3859 3853 2499 3988 2580 2020 2430 2004 2565 2748 2129 4450 4180 2532 3302 2819 3485 2550 2036 4136 4731 4679 2086 4534 3789 3818 2600 2410 4766 2950 4375 3547 4426 4782 4459 4438 4748 2035 4626 
37
2371 4727 4824 2075 4830 3365 4944 3683 3096 2976 4161 2909 2416 4581 3170 4944 2082 2644 3469 3629 3759 2960 2141 4009 4699 4464 4486 2925 3580 4120 2791 3541 3406 3088 3280 2399 4932 4129 2782 2335 4592 2762 3179 4921 3872 3834 3509 4757 4444 4268 3048 4933 4491 3919 4226 3301 4126 3958 3814 3446 4619 4362 4129 3341 3727 3310 2372 4600 3696 2907 3715 2989 4971 2348 
93
3867 3372 2139 2125 3687 4141 2603 3256 4960 4571 4859 3862 2195 3666 3177 4842 2913 2588 4429 3115 3244 4064 4628 2296 3929 2573 4420 2237 3519 3368 2785 2870 2042 3095 2527 2891 3043 2532 3656 2983 2328 3611 4580 2296 3948 3802 3267 2194 3518 2128 2667 4261 3423 3488 4155 4923 4992 4466 3272 4837 3310 3712 3803 4065 3214 4537 2753 2025 4120 3530 3287 2455 2789 4573 3745 4186 2068 2481 3911 2244 4847 3099 4565 3608 4640 3208 4264 3025 3747 4613 4660 4092 3905 3812 4728 3994 3597 4885 3127 3779 3722 4035 4893 2404 2030 2735 3645 2502 4351 3865 3406 2036 2861 2460 4134 2786 4931 2325 3678 2785 2343 2848 3303 4844 3933 4835 4676 2677 4206 2040 2290 4819 2331 3217 4934 4115 3843 3643 3663 2620 2938 4728 3826 3194 2145 2422 2972 2789 4496 4159 4317 2949 4025 4636 2483 4633 4124 4513 2530 2251 4770 2733 3242 2397 4602 3951 4294 2199 4384 3749 3647 3493 4347 3837 4858 3179 3718 2485 2190 2831 2903 4546 4827 4379 3328 3495 
113
2136 3168 3315 3723 2258 3406 2035 2450 3815 3017 4920 3465 4972 4667 4760 3423 4139 3379 4306 4653 3109 3113 4125 4625 2268 4409 4052 3914 2326 4114 3140 3992 2542 2573 2668 3873 3075 3348 2864 4877 3414 4348 3209 3510 3513 3636 4374 4175 2199 3422 2154 4621 4927 3656 3018 3572 4932 3402 3929 3413 2430 4315 4102 4614 4191 2890 2781 2143 2191 4681 4488 2992 3190 2912 2721 3174 4659 3672 3671 3331 2418 3870 2148 3346 2976 3483 3050 4616 3130 2368 2073 2885 3059 3555 2127 4967 3471 2330 3864 2611 2856 2257 2274 3338 3496 3855 2243 3489 3251 2669 2930 2041 2762 2341 3253 3476 2065 4675 4570 2320 2477 4175 3842 3096 2352 2953 4923 4152 2151 3558 4170 2290 4405 4018 3256 2051 2638 4386 4326 2664 2102 4613 3582 2303 3819 2652 2641 4018 3463 2162 4177 4082 3450 2459 4859 2041 2263 4015 4911 4386 3109 3686 3046 3511 4221 4501 3659 3939 2973 4767 3857 4008 3861 2743 2182 2957 4693 3221 3324 3796 4727 3648 2958 4029 3370 2790 3756 3884 4372 4430 2107 2540 4956 2516 4327 2997 4680 2117 3879 2929 2568 2552 2470 4407 4409 4090 2948 4916 2043 4325 4823 2273 3698 3702 3507 4416 4099 3808 2121 4219 3224 3608 2014 2892 4295 2345 
87
4402 3024 3035 2493 2415 2882 3031 2315 4358 2186 4632 2887 2715 2637 3155 2564 2961 3764 3548 2192 2965 3101 3966 3515 4208 2339 3408 3493 3843 4501 3403 3589 4195 3050 3538 4661 2850 3510 2610 3205 2418 3977 2023 3387 3275 3052 4641 3523 2028 2265 3652 3407 3689 2209 3057 2652 2069 4471 4038 3578 2920 3453 4570 3760 4422 3111 2896 3780 3239 3828 3761 4634 2961 3695 4561 4689 3619 3842 4286 3214 4079 3851 2739 4508 3184 3112 2778 4058 4830 2907 3864 2659 3884 3969 4298 3706 3205 3300 4499 2956 3714 2714 4226 2333 3051 4225 3718 3640 2115 3262 3034 3836 3779 4349 4971 2814 4279 4567 3627 4782 2804 3463 2202 4137 4604 4793 3464 3207 2270 3043 3075 2563 2612 2750 2709 2100 4378 4396 4122 4349 3976 4640 2936 3295 2630 4927 3242 4636 2428 3855 2750 3791 2026 4465 3209 4118 4869 3946 4828 3585 3165 3169 3462 3694 3997 3010 3374 3753 4875 2300 4203 4239 2243 2130 
135
2622 2644 2242 2729 2882 2868 2438 2758 2753 2458 4756 2671 2261 4493 3113 4602 2362 4753 2089 3256 2956 3094 3159 2364 3016 2067 3964 3706 3545 4266 3048 2149 2202 2268 3911 2374 3283 4782 4318 3574 4371 3816 4484 2776 3239 3561 3218 3626 3771 3678 3214 2699 2712 2765 4688 3607 3873 3565 2766 2400 4508 4912 2005 3980 4406 2849 3769 3451 2515 2362 4860 3218 3989 3446 3179 3108 4340 2263 3481 2619 3928 2077 4659 3384 2755 4181 4087 4772 4111 3427 2059 2841 2504 3241 2695 3560 2568 4146 3146 4836 2894 3676 2536 4520 2722 2837 2682 4984 3260 4923 2627 3242 3771 4971 4198 2719 4035 3795 3939 3496 3434 2079 3505 3205 2313 3751 3832 2415 4451 2393 2105 3694 3252 3855 2345 2687 2575 3163 2603 2047 4483 4983 4538 2309 3402 2879 3510 2363 3128 3587 3047 4498 2971 2660 2444 3934 4433 4721 2951 2454 4956 3820 3621 2519 3728 4395 4783 4945 4754 3596 3678 2503 2541 3353 4973 4117 3565 4044 2413 4700 2918 2526 4751 3318 3370 3206 4132 3255 4008 3086 2949 4480 3334 2750 3301 3441 3870 3497 2038 4392 3863 3690 3311 2539 4127 4499 3473 2839 4096 4288 4967 2855 3746 2012 2673 4214 4636 2466 3804 4752 2656 2195 3734 4576 4918 4339 4475 3431 3411 2327 4070 2192 4267 4112 3644 4183 4429 3136 4469 3345 3874 4869 4328 4691 4836 4826 2811 2590 2238 2635 4323 4241 2834 3289 2993 3067 4895 4655 3364 4797 3995 3996 3927 3138 4335 2597 2332 3617 4872 2391 
51
3853 3116 2955 3147 4549 3772 2957 4907 3849 4010 2729 4241 4856 3740 3068 4964 3516 3600 2021 4856 2893 3015 4593 3751 4457 2320 3369 4164 2787 4979 3424 2218 2498 2629 4279 2274 4163 4785 2911 3542 2400 3835 2591 4980 2471 4233 3107 2370 3181 3064 2943 4512 3240 4056 3657 4437 4115 2055 4303 3122 2352 3148 2094 4469 2049 4558 3933 3680 2885 2788 4479 3560 3388 3728 4487 4447 2206 3388 2776 4845 2071 3056 3367 4649 2972 4068 4340 4581 3403 4446 3988 4472 2353 2440 2460 4198 2622 2825 3242 3898 2389 2463 
81
2004 4288 2322 2975 3314 3304 3264 4871 3258 4025 4203 2405 3592 4833 4519 3665 3785 2784 2420 3484 2586 2534 2450 2055 4484 4288 3806 2174 2574 4913 3331 3504 2867 3627 3428 2186 3108 2418 4750 4833 3222 3864 2764 3894 3457 4682 2876 2802 4638 3407 4224 2620 3116 4763 2809 3492 3479 4890 2164 3714 4220 2389 2224 3518 3569 3048 2897 4262 3444 4828 2009 2015 2894 2493 2703 2746 4256 3656 2765 2764 3818 4048 3098 2808 3718 2849 2329 3515 3611 2355 2058 3539 4407 4053 2192 4310 2896 4577 3064 3793 3857 4424 4486 4105 2638 4466 3176 3169 4189 3687 3322 4319 2170 3457 2379 4536 2254 2547 4986 2502 4587 2377 2964 3760 4024 3957 3680 2329 3234 3890 4312 3879 4354 2279 3219 3341 2413 3956 2189 2220 2246 3536 2212 2510 3318 3547 2669 2099 4417 3708 3233 2316 2728 3060 3539 4475 4417 4614 3187 3675 2251 2042 
77
3827 3236 4316 3577 2317 3335 3551 4914 2355 4186 4094 4622 3837 2654 4427 3189 2907 4097 4667 4619 3902 3767 4849 3387 3864 4698 4177 4837 2656 2360 3826 4363 3003 4842 4951 4108 2810 3410 2811 3656 2007 2526 3249 3004 4733 3126 4843 3859 3281 3608 4220 4707 4457 2058 3090 4511 2546 4332 3621 4663 3035 3322 3720 2249 3780 2630 4561 3857 2859 4368 3439 2952 2206 3400 3807 2626 2462 2436 4620 2603 4956 2948 2863 2658 4857 4965 2218 3138 3622 2512 4462 2297 4163 2328 3174 2481 3576 2957 4517 2458 4920 3351 2591 3500 2151 2365 3850 3592 3816 2854 2968 3948 3281 4390 3092 2570 3833 3231 3332 3273 3532 4637 4020 4918 3243 2286 4269 2166 2629 4188 2315 3106 3893 3142 3895 2028 4996 2001 3308 4486 2161 3406 3625 4862 2541 2043 4440 4783 4294 4514 2255 3131 4780 2716 
163
3786 2877 2248 2342 2780 3876 4052 2362 2662 4427 2324 3159 4267 2150 3113 2341 2006 4353 2915 4249 3887 2750 4677 2215 4119 4292 4558 4759 3905 4540 2787 3803 3873 2625 2803 3626 2911 3647 3214 4800 3285 2453 2012 4105 4758 3689 2984 3750 4526 3592 2395 2969 2962 3939 3883 3861 4680 3092 5000 3526 4917 3890 4746 3661 3097 2416 3082 2362 4308 2661 2276 2057 2571 2489 4461 3563 2152 4196 2295 4557 4005 2756 4226 2806 3175 3085 3230 3415 2248 3972 4262 4888 4751 3031 4433 4594 3533 2730 3640 4825 2384 4579 4889 2486 4473 4816 3303 3534 4671 3477 3858 3554 3375 2497 2889 2498 3989 2153 4404 4195 4694 4699 4577 4347 3837 4913 2318 2007 3710 4801 3250 3278 3054 4162 3524 4017 4803 3334 2640 3140 3038 2699 3323 4754 2885 2980 2951 3676 4836 3475 2058 2688 3690 2604 2681 3630 3232 4210 4143 4956 2978 4111 3117 2185 4538 3408 3516 3742 4587 4183 2017 2733 2341 2993 2702 4145 2214 4010 3232 3233 3814 3099 3466 4879 2793 2636 3732 3695 2004 3303 4917 3349 3418 4517 3196 2158 3783 4537 4504 3193 4289 2305 4238 2807 4204 4595 3302 3308 4407 3985 4049 3557 4214 3923 2033 2269 2062 4526 2786 3750 4778 3784 3306 2045 3035 4584 3750 3903 3226 3272 4881 2726 4632 3707 3915 3789 3152 4166 4329 3214 2895 2924 4778 4591 3155 3136 3450 2953 2860 3238 4901 2450 3039 3327 3813 4960 2341 3145 3750 3748 4946 4068 2040 4530 3322 4565 4273 3421 2305 3357 4782 4839 4071 4126 4440 3791 4912 4408 4057 3120 3289 3301 2011 2962 4139 4439 3212 4452 3499 4345 4682 4156 2598 4782 4234 3733 4412 3154 2909 4555 4782 3496 4893 3515 3103 3376 4590 3028 4337 3291 3878 3016 3997 4772 3964 4168 2282 2119 4120 4986 2757 4500 3191 4068 3752 2843 
71
3752 3442 3876 3790 4182 3062 4613 3048 2431 2013 2412 2719 3573 3868 2072 2434 2683 2516 3788 3146 4705 3977 2058 3817 3908 4215 3677 4266 4751 2080 2958 4613 3316 3276 3709 3264 4311 2337 2244 4414 3939 3483 4023 2569 4533 3299 2471 2800 2182 2683 3865 4088 2256 3545 3588 3777 2631 4272 4835 4981 3072 3025 2049 3195 3957 4565 2007 4459 2358 2819 2278 4670 4591 4248 4950 3432 2250 2499 2448 2804 4393 3752 3422 4395 3012 2319 3284 3776 2322 2597 4077 3207 2475 4818 3767 4019 3700 4425 3289 3153 3020 2443 4304 2028 4172 4099 4503 3109 4071 3379 3777 4616 2794 3475 2800 2374 2123 4219 2761 4960 4731 3007 2325 4961 4671 3510 4693 2511 4760 4144 3185 2620 3296 2344 2717 4015 2712 2830 2478 2211 4535 3981 
43
4727 2986 3357 4367 3886 3360 4012 3346 2286 3321 2671 3859 2460 3258 3992 3451 2282 3435 3295 4521 2098 2763 3639 3243 4052 4330 4807 2927 4010 3321 3247 2919 2915 4491 3672 2193 3724 4143 4382 4499 4632 4984 2020 2237 2262 4940 3389 4760 3329 4022 3384 4395 3394 4390 2241 2323 4086 2596 4438 3848 3983 4254 2004 3788 2146 4970 4482 3750 4480 4826 4946 4355 2326 2380 4487 4200 3967 2309 3738 4416 4659 2378 3557 3489 4017 3273 
75
4943 2399 2805 3985 3241 2350 3503 3297 2000 3517 3484 4360 3655 2056 4577 2965 3686 2719 2012 3068 4468 3988 2564 3268 4868 2395 2309 3368 2352 2636 4829 4117 2450 4454 2252 4771 4930 2390 2793 2634 4905 3684 4098 2919 3245 2034 2666 2225 3204 3653 3242 2605 2025 2767 4911 3193 3805 2489 3336 4121 2393 4622 3092 3537 4614 3213 4196 2174 2076 3288 3689 2223 3904 2475 2539 3561 4514 3968 3499 4840 4215 3776 4980 3160 4951 4241 3186 3454 2108 3179 3390 3703 3427 3625 3176 4348 2420 4270 3045 2861 3586 2309 2983 2774 2602 3611 3642 3686 2743 4855 2610 4029 3184 4307 3875 2986 3307 3937 3700 4372 2284 4647 3698 2486 2975 3177 2463 3265 3898 2055 2702 3668 4145 4397 4535 4425 4171 2268 4687 4511 2380 3181 3141 3473 2625 3707 4107 3446 3334 3233 
139
4560 4053 4290 4862 3853 2818 2030 3231 2550 2575 4034 2289 2331 3450 2434 3661 2011 2127 4183 4604 3065 4089 2612 2294 2005 4893 2851 3582 3376 4430 2068 4298 2737 4250 4954 3062 2288 4668 2192 3731 2693 3756 3124 2900 3026 3381 3436 3892 3290 2032 3777 4958 4152 2323 2743 2434 2757 3226 4024 2053 2062 3978 2867 3825 3297 2926 3582 3924 2988 4972 4594 2680 2851 4417 4957 4327 2804 2238 4552 4717 2871 2401 2950 4330 2698 2190 2326 4683 3166 2459 2221 4774 3301 2313 2778 3102 3492 3419 2717 3577 3759 2840 3527 4893 4927 3236 2082 3091 2458 2876 2591 2378 2344 2626 2406 3448 4001 2804 2672 4127 3874 3337 2829 2539 3615 3931 4732 3785 2802 3317 2406 2554 4899 4415 3122 4424 2378 3901 2349 4440 4030 3530 3703 3433 2840 2332 3127 3129 4416 2925 4113 2511 2325 3806 4067 4300 2037 4564 4433 3508 2460 4710 3229 4530 4723 4670 4689 4827 4710 4378 3936 4813 3514 3457 2306 4449 4660 3926 2954 3851 3317 3030 4095 3439 2435 4686 3416 4976 4774 2969 4607 2897 3928 4878 4572 2402 2871 2432 2871 2081 3528 3883 2130 4453 4119 3191 4460 2749 3892 2965 2721 2602 3800 3188 3025 3604 2326 3680 2085 4202 3597 2107 2739 2300 4413 3528 3737 3178 4225 3061 3159 4760 2564 4339 4574 4595 4212 2095 4265 4648 3836 2610 4081 4222 3435 4715 3299 2284 3807 3484 4445 3760 4269 3450 3076 3724 3433 3995 3010 2338 3304 4433 2136 2760 4335 2940 2305 4854 4773 3720 2831 3356 2050 2076 2608 3385 3691 4815 
79
3329 3088 2479 2983 4040 3032 4829 4129 2235 4086 3718 2642 2951 4716 4165 3569 3958 4493 2365 2011 3792 3477 3691 4218 2371 2674 4489 3569 4195 2335 3083 2355 4727 2941 2673 4274 2559 3596 4272 3987 2065 3840 2491 2639 2775 4625 4781 4968 2968 4105 4522 3247 4323 4763 3202 4312 4077 2686 3499 2082 2943 2381 3282 4786 3948 4835 3225 2615 2276 3509 2372 3807 4434 4965 4902 2669 2432 2215 4098 4413 3223 2087 3690 2062 3685 3082 3900 4943 3443 2683 3015 2183 3828 3099 4422 3381 4035 4314 2030 3586 3960 3839 4451 2776 4042 3679 2748 3490 4742 2615 4696 4064 2827 3384 3554 2021 4624 2654 3472 2684 3740 4496 4090 4549 4029 4821 3684 2536 2608 4457 2367 2836 4995 3468 2461 2337 2271 4232 3239 2111 3414 4840 4599 3400 3755 4055 3641 4233 3710 3056 2165 4673 2055 2540 4710 3530 3887 3017 
57
2956 2217 2307 2366 2277 2746 2302 4795 3795 4105 4916 3129 2773 4624 2395 2349 4527 4903 2028 3772 3565 2337 3992 2952 3112 2232 3199 2743 2297 3146 4722 4028 4939 4126 4205 3617 3438 2656 4967 3885 3954 3076 4808 4041 4068 2784 2870 2822 3714 4676 2953 3067 4826 2500 2166 2273 3503 4376 4881 2873 3137 2054 4269 2202 4837 2855 2139 3153 4533 2795 4410 3001 3192 4765 2057 3775 3328 4257 4394 4092 4216 2245 2878 4397 2218 3933 4349 2329 4922 2148 2240 3854 2214 2955 3838 2626 2852 3384 2522 2738 3997 4870 2450 3939 4767 2362 3108 3672 4950 4683 4397 3466 3495 3064 
115
2360 2834 3428 3218 3667 4602 2043 3653 4809 2750 2363 4536 4650 4232 2555 4947 2156 3188 3714 2230 3892 3443 4066 3040 2066 2548 3474 4049 2738 4916 2710 3125 2417 4617 4266 4116 3994 4430 2037 3014 2247 4842 2394 3372 4684 3359 2268 3352 4844 3129 3702 4164 4014 4843 4742 3480 2967 4550 3000 4694 3065 2209 2501 4032 3353 2600 2708 3559 3142 3691 4566 3706 3461 3575 2698 4608 2892 3861 4808 3222 3537 3979 3296 2118 3313 4953 4962 4602 4356 3862 2422 2535 2455 2200 2998 4138 3497 3890 4731 2141 4616 3729 3635 3848 3386 3140 2444 3449 4945 2841 4761 2235 4162 4479 3514 3630 3180 3172 4799 2221 2910 4944 4445 4244 4330 2748 3335 4512 2116 3963 2507 4881 3175 4053 3775 3399 3502 3233 4739 4922 4305 4484 2223 2953 3245 4496 2844 3501 4461 2442 3812 3225 2727 4200 4702 3736 2879 2575 4041 3590 3427 4807 3242 4568 3728 4750 4600 4468 3881 2006 3652 3069 4019 3998 4478 2097 3941 4649 4641 3246 2646 4512 3103 2229 2108 4410 4118 2478 4498 4019 4230 4661 2297 3214 4507 2369 4770 3121 4335 4270 4227 3138 4709 4675 2586 3059 4867 3730 2184 3890 3877 4512 3870 4732 2883 2954 3819 2693 4616 4558 4693 3363 3675 4214 4326 3890 2335 2797 3999 3223 
9
3072 2194 4845 2260 4787 3703 3985 2862 2432 2895 3693 2568 4032 2993 3049 2677 4103 2526 
43
3927 4769 4049 4108 2113 4491 2169 2989 2825 3395 3464 3979 2927 2336 4301 2845 3286 2487 4381 4487 4663 3718 4087 2297 3490 3715 3239 3704 2832 3199 3480 4342 4767 4541 2612 4118 3410 3866 4847 4554 2957 2877 4439 4197 4241 4894 4859 4364 3126 3628 3742 4456 4504 4472 4145 2101 3491 3505 3728 4845 4201 2034 3630 3435 2109 2257 3217 3043 2517 2945 3780 4616 3882 2338 4083 4168 3813 2523 4978 3632 3696 4367 4588 2600 4782 3742 
131
3158 4523 2913 3175 2307 4989 4980 2659 2967 3352 4908 4843 4639 2994 3618 4708 2726 2721 4829 4809 4299 2976 4279 3715 2914 4278 2782 4875 4800 3947 4457 4493 3477 2737 3492 3917 3110 2085 2125 2194 3478 4485 4543 2716 4674 3932 4098 3486 3732 3754 2974 4746 3068 2868 3294 4828 3662 4096 4015 4121 3750 3178 3870 3515 2784 3692 2130 4050 4220 4548 2497 4065 2943 3235 2900 3421 4536 4297 3175 4880 4047 3347 4052 4291 4349 2443 2796 4015 4812 4371 3285 3954 4287 4789 4056 3709 2147 4676 3772 3000 2602 4669 3889 3988 3666 3230 4274 4681 2841 3838 3833 3086 3508 4967 3190 4543 2002 3371 4164 2484 3916 3763 4725 2153 4274 2141 2425 3300 4642 4810 4158 3181 3473 4571 3531 4937 3710 4101 4842 3505 2680 2868 2668 2214 3388 4953 2950 2836 2208 4921 2145 2029 4201 4292 3391 3653 4129 4556 4436 4587 2210 3576 3947 3908 4043 4419 4036 3560 4548 2125 2820 4142 2627 3954 3733 4206 4629 4059 4949 3618 3637 4417 2462 3949 2507 3872 3048 3530 4125 3792 4807 2687 2530 4032 3841 2824 4533 2565 4686 4136 2445 4525 2221 4052 3262 3407 2092 4089 4647 4571 3066 3467 2081 4418 4305 3304 3385 4039 2712 2868 3708 4466 3560 3131 4781 2330 3935 2976 2499 2720 3066 3411 2657 4759 4208 2581 3404 3243 4278 4598 2998 2676 2834 2199 3100 4699 4265 2350 2899 2481 4230 4469 3958 4726 4349 3477 4154 4840 2728 3643 4303 2139 
71
2159 3804 3939 3264 2337 2364 3827 4874 3072 2708 4328 4262 3400 2747 3212 4780 2363 2372 3442 3294 4408 3596 4190 4846 2832 4345 4665 2451 3472 4445 4893 4482 4794 4916 3888 4932 2714 4208 2742 3615 4475 4169 3614 2227 2497 2945 4027 2660 4430 3561 2412 2386 3983 4573 3467 2375 2309 2690 3376 3310 4797 4292 3116 4624 2601 4351 4496 3864 2480 2875 3073 3373 4983 4355 3524 2775 3194 2295 3186 2124 4055 2206 4859 2331 4488 3195 2273 2182 4793 3951 4332 4101 3289 2788 3702 4962 4379 4921 2964 2190 2625 2941 4298 3071 2218 3330 4915 2183 3154 3371 4557 4077 3050 2436 2112 2019 4507 2309 4346 2486 4096 4145 2837 3655 3167 4702 4903 3424 3117 3469 2614 3008 2651 4536 3144 4107 2210 4387 2132 2175 2404 3524 
93
3779 3271 2464 2644 4762 2149 2529 4953 4799 3214 2636 2742 2295 3664 2312 2486 4296 2461 4791 3312 2505 2598 2765 2396 4637 4461 4354 2826 4446 4793 2504 3085 3885 4497 4128 3316 3180 3170 4878 3111 2233 2760 2747 3014 2484 4056 4950 2571 3952 3196 2313 4275 2221 4779 4454 3487 3443 4257 2400 3658 4940 2722 4892 3841 4831 3511 3566 3433 4757 3028 4571 4710 2471 3844 2659 2489 3195 2212 2306 3570 3727 2024 4697 2479 4300 4722 3549 3365 2320 3690 3339 2649 4621 4315 2410 2164 3160 3672 4189 3289 3776 3963 2541 3403 2329 2200 2338 4103 4051 3505 4270 3700 3889 3709 3961 4542 2396 4636 3906 2816 4738 2713 4075 2594 3292 4991 2670 2070 2983 2345 4195 2636 2107 2583 2483 2526 3795 2819 4061 3548 4897 2348 2363 2883 3985 3247 3477 3917 3283 3175 4698 3953 2271 2857 2784 3827 4919 3627 2107 4050 3004 2392 2134 2893 2293 2852 2927 3197 4063 3506 3532 2383 2458 3368 2612 4195 4593 4279 2293 4146 4028 4107 2576 3680 2819 4498 
53
2908 2984 2678 4938 4711 2466 2325 4444 2365 4913 2150 3178 3684 2230 3690 2076 2540 2070 3804 4974 4573 3396 2429 4151 4771 2224 4833 4455 3320 3206 4906 3946 4520 4324 3281 4797 3356 2723 4087 4449 4948 4920 2721 3960 4849 4181 2966 3759 2900 4369 2391 4235 4497 2237 2493 3259 2664 4115 3693 4946 4294 2337 2402 2111 3002 4417 3364 3847 4460 2159 4331 4108 3602 4883 3444 4071 3212 3428 3760 2197 4778 4757 4441 2127 3069 4680 4887 4272 2060 4512 4182 2662 4783 4704 3006 4812 3798 4448 3464 3771 3920 3352 3163 3643 2683 2900 
19
3605 3043 3102 4130 4386 3374 3769 2313 2925 2338 4518 4377 4601 4077 3569 2872 4876 2476 4922 3535 3522 4166 2967 3125 3435 3044 4360 2657 2491 3409 4730 3552 4275 3922 4778 4066 2857 2318 
155
2229 4325 4976 2436 2989 3434 4435 2761 3038 4164 2339 2376 4054 3678 4613 4027 4053 4952 3307 4039 4914 4425 2520 4823 3746 3879 3475 4153 4096 3548 3947 2372 2331 3890 2883 2612 4403 3700 4931 2775 3526 3142 2957 3389 3120 2990 4450 3539 3616 3757 4470 4234 2196 4527 4092 4892 2174 4399 2833 2011 3380 4709 4158 4162 2229 4207 2743 4195 2789 4784 2339 2618 3032 4526 2330 3925 3678 4903 2180 4428 3925 4390 4951 2184 3060 2400 3695 3812 2169 2585 2791 3028 2450 2072 3340 4671 2945 4548 3225 3634 3923 4242 4127 2739 3239 3226 4973 4079 2743 4360 2832 3392 3040 2788 4574 3055 3437 4323 2802 4455 3817 4425 2456 2514 4110 2587 2971 4576 3607 3477 3080 4452 3804 3911 4634 2529 2737 3060 3109 2856 3993 4295 2746 3905 4744 3360 2944 4902 4871 2087 4571 2355 4100 2226 4788 2333 4600 3872 3967 4830 2810 4639 2475 4890 4428 3522 4739 4493 2096 4042 2186 2794 2209 2461 3490 2332 3947 3423 3032 3865 2527 4215 3614 4939 4088 2112 4845 2106 2215 4686 2782 3925 3369 2966 3447 2397 3265 3185 2198 3089 4689 2409 3306 2977 4052 3837 4224 2116 2369 3829 4821 2799 3259 3097 2991 2777 3926 2999 4024 3544 2723 2828 2445 4406 4789 4687 3550 3727 2897 4182 2229 3007 4751 3214 3396 3074 3787 2602 4462 2136 4410 2067 3114 4898 2693 4659 4268 2359 3086 3221 3572 4901 3083 3316 4889 3793 4608 3057 4092 4591 3679 3625 2356 2337 4793 4663 4337 4724 3590 4094 2182 3733 2166 3523 4366 2747 4721 2258 4145 4828 4029 4653 4018 4443 2911 2240 4697 3911 4497 3310 3233 3664 3091 4626 4024 2882 3113 4028 2251 3889 4719 3415 3480 4769 2799 2068 4441 3116 2702 4845 
145
2825 2687 3079 4822 3766 3434 4011 4643 4460 2082 4903 2215 3645 4535 2786 3508 4054 2469 2472 2233 3389 3222 4745 4361 2856 4000 2666 4262 4749 4646 4330 3951 3187 4076 2652 3463 2031 4601 3122 2068 3138 2991 3648 2098 4301 4636 2651 4704 3730 3403 3897 2631 4210 3395 4151 3216 4516 3196 2344 4884 2189 4873 2824 3478 3068 3632 4035 3630 4072 3139 4868 2405 2401 4540 4940 2839 4087 3468 3887 3183 2720 3205 4624 3591 4610 2241 3121 2107 2404 4000 2172 4767 2352 2359 2239 4422 4016 2324 4895 2189 3095 2921 3222 2854 2648 2184 4959 4289 4209 2945 3927 3304 4490 2059 3502 2098 3400 3704 4594 3866 2665 3667 4520 4446 2474 2256 3082 4052 2195 4626 2587 2743 3821 3221 2387 2961 2711 2733 3443 3299 3939 3678 4179 3448 3546 4442 3774 4526 4242 4946 4102 3930 2994 4162 4413 4951 2518 4760 2159 3917 2303 2198 3375 3570 4870 3250 4089 2211 3881 3905 2447 3696 3531 2656 2714 4051 4468 3946 3082 3829 3111 3832 2650 4268 3180 4981 3157 3728 4625 4740 2268 4008 3157 3668 2667 4234 3760 3304 3644 2213 4185 4097 3083 2852 3262 2638 2024 2536 4273 3625 2216 2029 3650 4318 4011 4222 2519 2043 3689 2953 4532 2387 2995 2018 4044 3296 4953 4486 2347 3085 3726 3756 2965 4574 3627 2434 2273 2778 3743 4822 2268 4431 3467 3973 2200 3516 3287 2315 2139 2798 3424 2297 2170 3571 2306 4146 2229 3132 3766 2310 3285 3357 4646 3331 2012 2142 4603 4365 4818 3565 4825 2329 3235 4273 3063 3840 4452 4269 2943 3641 2089 3505 2713 2778 2159 3329 3278 3826 4288 2766 
49
2979 3014 4365 3192 3385 2339 3725 2760 3079 3768 2850 3249 2963 3849 3753 3012 2283 2666 3555 2338 2885 4704 2215 2995 3566 4802 3049 3543 2956 2790 2500 4742 4457 2182 3753 3636 4090 3880 4076 2660 3980 2702 4444 2121 3904 4438 2819 2305 2819 3635 3779 4711 3985 3460 2418 3771 4904 4790 4983 2034 2138 3773 3700 4407 3140 4824 3526 3735 3792 5000 2061 3069 2094 3124 4335 3682 4004 4487 3962 2874 4300 2591 3489 4928 2451 2798 4604 4334 2124 2454 2040 4936 2131 4063 4017 2401 2869 3901 
