65
55
2595 4235 3334 4102 2048 2135 2005 4907 2390 3579 2796 4050 2506 2931 2169 4557 3526 3430 4613 2365 3131 2121 4038 3120 3824 3197 3110 2794 4122 2411 4255 2711 3743 4199 4767 2497 2659 3250 4643 3209 3075 3290 2356 3703 4375 3372 2139 2379 4440 4003 2021 4724 3625 2876 4601 3135 3279 2927 2214 2424 3468 2040 2371 3080 2569 3309 4720 2713 3386 4026 3552 2423 2648 3211 2277 3411 3523 2336 2188 4906 4345 4690 4589 3572 4126 3711 3853 3050 4763 3821 2950 3050 4193 4859 3302 3272 4206 2644 4919 3334 2436 2449 3602 3663 3154 4250 3541 2284 2689 2166 
69
4154 4671 4718 3147 4152 3314 4508 3382 4900 2706 3437 2644 2998 4029 4610 4948 4046 2524 4769 2769 2678 4285 2750 4828 3431 4150 3721 3492 2050 2135 3410 3225 3441 3728 2001 4392 4106 3154 4245 4984 4498 3139 2885 2958 2388 2212 4265 4799 4678 4423 4589 2618 2902 3846 2617 4664 2904 4511 2420 3901 3307 3034 3833 3687 3371 3417 3006 4257 4020 3232 4826 4456 2203 2970 4387 4727 4270 2681 3831 2244 4706 3003 3722 3390 3099 2329 2100 3345 3418 4414 4914 4909 2704 4732 2717 4944 4778 4495 2356 2233 2801 3405 4812 3150 2479 4845 3273 2408 4972 4896 4893 3864 4939 3733 2923 2826 2939 3862 3269 2117 3766 3214 3355 3814 2427 4739 4970 4020 4472 4342 2480 4440 2746 2224 4539 4846 3377 4500 
13
4954 4619 2260 4614 4068 2513 4393 3477 2677 4797 4019 4549 2194 3191 3323 3397 3860 4595 4509 3164 4206 3122 2775 3116 2052 2308 
37
3673 3447 4598 3863 3786 3184 4181 4468 2223 2961 3129 4946 3417 3035 2419 2185 3436 2488 3708 2498 3223 3800 2707 2990 4975 4692 4678 4517 3880 4646 3964 3482 4933 3116 4518 2936 2440 4680 2401 2303 4225 3822 2467 3583 4436 2635 2656 2248 2634 4094 3674 3731 2009 3449 4710 3317 2034 2961 3760 2849 4063 2627 3197 4958 4178 4015 3920 4071 2758 2979 2188 2100 2526 2029 
41
4456 4732 2726 4550 2881 2505 4364 4816 4329 4626 4103 4045 4858 2403 3853 4717 3936 3282 4454 2128 3327 3297 2380 4759 3719 4218 2568 4760 2035 4688 2902 2882 3333 4260 3088 2295 3305 3424 2334 2225 3002 2022 3487 3639 4252 3423 2773 2223 4394 2901 2018 2744 2256 2345 4799 3002 3689 2579 2490 4419 2455 3638 4784 3988 2472 3155 2472 2526 3856 3590 2276 3048 2635 2110 4047 4832 3030 2107 2777 2192 3537 2960 
49
3839 3066 3876 2058 4225 3043 2354 4106 2064 4778 2985 3789 2218 4096 4658 4199 2367 4633 4242 2172 3937 4234 3507 4352 4671 3832 2056 2068 2750 3246 2155 4149 3425 2155 3853 4418 3305 4151 3381 2107 4264 4262 3386 2813 2115 3978 3873 2822 2904 4857 4042 4627 3535 2942 2800 3525 4526 2124 2039 3645 2732 2132 4852 2395 4374 4534 2403 3401 4300 3194 3604 4985 3214 4897 4349 2765 2608 2204 2371 3665 2376 4520 2135 2135 2334 3076 4145 4402 3888 4284 2623 2278 2432 4113 3495 4763 4821 3211 
15
2639 2884 4451 3041 4077 4962 4669 4202 2076 3167 2180 3296 3259 5000 2302 3685 2128 2098 2035 4755 4898 3873 4930 2524 2655 3669 2382 3340 4726 2868 
65
3858 3695 2938 3263 2058 4037 2021 4028 3003 3975 3242 2435 4082 4562 4199 3224 2516 2532 2163 3723 2086 3256 2664 4129 4122 2049 2563 3405 4589 3098 3639 3284 4502 2510 4442 3981 2780 2781 4804 2704 4639 2886 4771 2545 2540 2925 2864 3315 2523 4870 3189 4703 4846 3219 2097 4277 2216 4938 3827 4718 2897 2674 3692 4377 3940 3084 2820 3900 2716 4817 2870 3046 2118 3134 3669 4872 4835 2928 2874 2244 4887 2286 4027 4887 3817 4297 3470 4984 2003 2895 2373 4707 3033 4043 2330 3982 3780 2836 4290 2770 3741 3647 4859 3418 3464 2587 4163 4661 3107 4297 4815 3482 2135 3072 4706 4020 3010 2494 4051 3811 4636 2514 4607 3503 2129 3683 3771 3764 2047 4909 
55
2955 4047 3158 3615 2465 3120 2748 3034 2051 3663 4725 3174 3489 4730 2996 4544 3595 4880 4285 3527 2739 4241 4847 3715 4778 3921 3752 4754 2915 4009 3502 3761 4960 2800 3990 3876 4425 3855 4806 2835 3131 3323 4228 4332 3388 2624 3180 2035 3675 3351 4695 4886 2211 2614 3677 2000 4453 4446 2928 3632 3957 3577 3435 4766 4719 2307 2925 3105 3269 3915 3662 4432 4112 4801 2409 4770 3461 3820 4510 4079 3729 3997 2978 3265 3244 2388 2309 2434 4503 3083 2220 2269 2621 3669 4617 4477 2005 2121 4234 2319 2485 3852 2452 4709 4877 4342 2444 2975 3140 2642 
51
3362 3927 4378 3470 3208 4972 3198 3093 4221 2391 4000 3544 2293 2054 2153 3378 4568 2054 3701 2655 3764 3762 2192 4327 3917 4772 4089 3588 2243 2475 2148 4187 2552 3500 3738 2715 4302 2444 4072 2268 2416 4143 3580 4508 4642 2237 2126 3285 2386 4159 2259 2348 4480 3632 3599 4428 3768 4361 3929 4512 3692 4657 4024 3725 4861 2338 3896 3024 2630 4159 3524 3476 4847 2173 4061 3139 4875 3322 4084 2503 3866 4701 4571 3086 2352 3309 2158 3782 3719 2970 2737 2630 3092 3095 4255 4069 2461 2793 3612 3377 2414 2368 
61
4939 3261 4889 3918 2788 3805 3952 4154 2236 4251 3251 3178 3016 2377 4180 2362 4127 2752 3435 3414 2812 2189 2664 3084 2845 2741 4345 3060 2289 2787 4550 2890 2721 3757 4598 2469 4019 3651 4800 4099 2148 3510 4208 4936 3484 2835 3339 4899 3777 4830 2906 4937 2663 2090 3046 3123 3968 2710 3484 2193 4495 3144 2034 2443 2286 3427 3991 3617 3374 4386 3726 2456 3612 2092 2965 2603 3182 4717 3722 3439 3490 4656 4601 2577 2520 4355 3242 4115 2260 3913 2058 4351 2240 4170 4402 4015 3952 4211 3906 2466 3102 3529 4965 3634 2131 2758 2876 4250 2101 4849 3019 4718 4873 3800 3209 4264 4491 2179 4871 3212 3476 4343 
23
2354 2753 2328 4693 3305 3699 4384 4579 2917 4003 2431 4481 4403 2918 4888 2415 2296 4527 3425 3279 2328 4520 3087 4774 2475 4970 4395 3443 4408 3166 3303 4018 4907 4613 4733 3376 3345 4859 2911 3186 3548 3085 2932 2569 2777 3837 
75
3222 4738 2282 3607 4746 4362 4417 2035 3038 2100 2106 2927 2983 3250 4399 2756 3614 3645 3401 4676 3142 3118 4738 2604 4764 2669 3318 4781 3359 2022 4931 4025 4925 4888 2294 2092 3390 4423 2349 3988 3387 4172 4182 4397 2410 3834 4958 2682 2533 3105 4117 2407 2112 3777 2446 4741 2998 2999 3580 4463 4322 4028 4901 3310 4595 4385 2841 2494 4748 4932 3592 2567 3133 2113 4051 3661 3427 4105 4560 3789 2065 2757 4695 3119 4592 2992 3017 3075 2524 2914 2390 2607 4527 3057 3077 2251 3850 4506 4927 2395 2758 2283 4439 3567 2260 3999 4727 3429 4943 4085 2307 2762 4689 3641 2227 3758 2867 4305 3667 4427 3761 3440 3943 3520 3862 2100 3161 4390 4718 4475 3125 4490 2043 4120 2275 3135 3744 4842 2541 2245 4301 4953 2917 4086 4978 2666 4247 4405 4822 3267 
69
2530 4848 4973 2660 3990 2584 3879 2365 2397 3039 2912 3366 2688 4385 4099 2204 2601 4921 4315 4529 4220 2463 2713 2127 4223 2861 3540 3132 2417 4124 4870 4850 4212 2511 2072 3675 4883 4614 2902 3963 3375 2385 2668 3436 2676 2946 4672 4165 3024 4129 2030 2933 2140 3870 4135 4414 3277 2636 2166 2278 4834 4932 3840 4971 3248 4897 4643 3985 2617 2232 4745 4468 3935 3520 2786 3535 2737 3991 2663 3798 4210 4467 4279 2489 4938 4086 3999 2449 4990 2535 2323 3143 4092 2312 2197 3871 2227 3466 4755 3954 4185 3463 3142 4505 4709 2913 3386 2636 3248 3759 3596 3043 4863 4478 3789 2821 3479 2258 3081 4701 2057 4175 2807 4410 4850 4688 3080 3508 4543 3753 3788 4271 2353 4414 4499 2046 3383 4523 
25
3713 3369 3078 2446 4546 2131 3453 4103 4896 3931 4825 4301 4751 4735 4264 4979 3061 4942 2925 2329 2939 4778 4446 4627 2061 4018 3820 3456 3790 4973 2281 4711 4656 2334 4807 4677 2378 4469 3741 4148 4897 3543 3047 4879 3055 4141 3065 3216 3753 4869 
19
3672 2701 2961 3102 2976 4825 3771 4312 2184 4098 2382 2830 4416 4515 3858 4993 2553 3964 3853 3956 2087 3202 2956 2689 4879 2805 2849 2415 2002 2590 3028 3521 2294 3732 2232 3569 4189 2811 
15
2026 4526 2995 2053 4491 4367 4860 2937 2260 2303 2419 2642 4164 2130 3769 3712 3086 3401 4565 2482 3675 4528 3504 4542 2260 4851 3224 4495 4395 3985 
69
4943 4370 4406 2585 2319 4598 4431 3468 2376 3874 3756 2995 2791 4179 2663 4062 2343 3970 3637 2116 3573 4306 4041 3271 2180 3224 4988 2854 2186 2660 2034 4902 3353 2928 2488 4195 4660 4285 2924 2839 4181 2791 2686 3773 3843 4125 3605 2805 3229 2672 4171 3464 3899 4149 2725 2732 2015 3003 4457 2680 2995 2226 2564 2589 4303 4838 2408 2065 4426 4266 4350 2374 2222 4389 4392 4689 3072 3267 3065 2626 2777 2260 4980 3711 3331 3641 2011 4508 4218 3490 3814 4641 3720 4695 3867 2427 2533 3999 3891 2716 2626 4766 3092 4918 2408 2294 4714 3694 4669 4033 3425 2204 4742 2453 3405 4251 3049 4021 2643 3830 3727 2634 3094 3789 2958 4233 3615 2898 2158 2667 4266 3323 3842 4701 2676 4600 2634 4831 
47
3832 3290 4414 2005 2266 4569 3861 2916 3706 4134 2259 2587 3401 4691 4239 2971 2336 3927 2749 4729 2043 4832 2993 4424 3758 2751 4977 4769 4816 2727 2058 2873 3330 3244 3938 4851 4513 3635 2556 2823 3900 2305 2168 2806 3707 4741 2162 4136 4396 3295 3774 4237 4714 4950 3279 4132 2948 2546 3601 4050 3894 4410 2118 4902 3887 3390 2477 3855 4777 3836 4658 3795 4643 4780 2719 2320 3883 4384 3528 2225 2087 3585 4123 4841 3382 3794 3754 2013 4297 3004 2295 4842 3242 2676 
47
4974 4264 2403 2859 2907 2919 4691 3813 4016 4784 2421 2623 3404 2610 2140 2908 2680 2974 4994 2329 4181 3227 3380 4238 2874 3787 3026 4096 4002 4850 3233 3203 4891 3655 4721 2706 3216 2371 4764 4490 2859 2193 4131 3559 4658 2617 2075 3426 3741 2519 2349 2545 4034 2513 4949 4053 4281 2305 3959 4648 4503 2425 2773 3865 4214 3183 2672 3026 3053 3285 3725 4096 3744 2352 2376 3309 3630 2724 3111 4578 4211 2149 3474 2329 3457 3665 4192 3465 4664 2312 3022 4377 3982 4111 
37
3066 4143 3788 4008 2343 3778 2673 2665 4833 3321 2325 4026 3723 2955 4549 3993 4142 3024 2356 3380 3989 4988 4404 3992 4426 2881 4532 3038 3489 2703 2334 3779 4241 3155 4365 3968 3861 2457 3033 3307 4225 4350 3606 4131 3906 3826 4505 3905 4086 3726 2629 4264 3897 2357 2121 2071 4080 2842 3767 2005 2639 3383 4589 2707 4349 3352 4736 4908 2372 3567 4649 3375 2531 3297 
29
2202 3619 4210 4442 3587 2910 4764 3256 3554 2938 3362 3613 2861 3928 3891 4408 4903 2258 3013 3221 3094 4930 4030 4441 4330 4669 4231 2360 2999 4705 2205 4608 3510 3896 2285 4765 3380 2363 2791 4179 2642 3456 2217 4424 2130 4301 3357 4771 4952 4602 2871 4289 2686 4768 3348 2120 3593 2045 
57
2507 4123 4554 3282 3217 4840 4942 2191 4803 2615 2534 3322 2076 3747 3601 4913 3560 4232 4642 3260 4774 2114 3158 4445 2479 2620 4131 2341 4339 4562 2217 3238 2502 4484 2157 3915 2057 2128 4032 4807 4181 4473 4453 2427 4332 4745 2616 3420 4626 4542 3950 2861 4462 4874 3712 4093 2639 4797 4386 3614 4764 4867 2372 4119 3759 3797 2872 2400 2612 2495 3816 2389 2908 3087 2811 4606 4088 4056 3073 4155 2521 3877 3591 4466 3644 2968 4056 3914 2164 3317 3767 4048 3140 4154 3975 2133 3986 4890 4166 2501 4592 3465 4383 2540 4594 3265 2518 4938 2293 4187 4370 2208 3783 2434 
71
3220 4508 4878 3166 3973 3470 4146 4158 4183 2614 4114 2354 2370 4849 3175 4357 3138 4342 3464 2493 2439 3432 2776 2447 2019 2752 2337 2792 3924 2701 3768 4944 3284 3701 2657 2469 3676 3947 3387 2146 3789 4591 3393 2601 2700 3384 2167 2638 4083 3556 4848 4599 3228 3526 3107 3548 4319 2257 2923 2233 4757 2492 3724 3876 4465 4677 4665 4426 2882 2832 2157 2568 3601 3616 4395 4173 3177 2994 3147 2889 4388 2870 4904 2308 4820 4140 2323 2394 4396 4636 2940 4862 4204 3370 2784 3863 2298 2085 4181 4681 2151 2850 3674 3930 2437 4585 4764 2872 2757 3330 2220 3568 2159 3041 2411 4530 2587 2463 4335 4518 2361 4836 4503 4385 2445 2542 2735 3304 3830 3420 3601 3511 4191 2424 4635 3401 2969 3868 4671 4591 4498 2508 
33
3065 2057 4235 3782 2824 4583 4718 4421 2917 2203 2303 3874 4136 3965 3962 4895 3659 2600 3259 2803 4635 4642 2680 2047 2083 3759 3856 4871 2080 3953 2415 2555 2294 4950 4442 2717 4767 4528 4496 2831 2625 3794 4329 3379 3214 4301 4488 3552 3046 4511 2749 4766 4950 2459 3934 2746 4682 4217 3115 2789 2852 4032 3986 4284 2658 4914 
35
2283 2203 3346 4935 4842 3511 4948 3516 3560 4199 2306 3737 4139 4216 3986 2509 2923 4170 4208 3729 3219 4201 3506 2913 2361 3238 3106 4679 2033 2036 4090 3286 4760 2281 2446 2785 3145 3523 3194 2355 2502 2217 2019 3986 3675 2291 2604 2837 4119 4331 3259 3764 2566 3141 3187 2466 3851 2649 4184 3457 4602 3612 4197 2606 4052 4750 3916 2256 2749 2691 
65
4604 3334 2261 2961 2293 2466 3187 2334 3802 4029 3281 4039 3151 2995 3606 3342 3938 2149 3517 4962 3724 4528 4465 2647 4450 2322 3469 4215 2943 3164 2114 4779 2716 3731 2360 4135 3425 2683 4434 4519 3982 3628 2826 2086 3382 3959 2594 4150 2964 4535 3929 2803 4562 4724 4862 3064 4954 3418 4250 3565 3241 4121 2698 4558 4610 4696 2246 3559 4397 4661 3142 3338 3410 4314 2137 2320 2687 4375 3111 4190 4423 3353 2176 2119 2486 4589 3643 3612 2641 3468 3549 4910 4473 3209 2660 2342 2521 2411 3771 2750 4098 2921 4526 4294 4449 3382 2315 3120 4143 2112 3678 2060 4481 4936 3900 3333 3431 4292 2230 2489 3143 4455 4259 4103 4414 3549 3858 2104 4392 3506 
53
3378 4219 4852 4624 4847 2520 4310 2269 3391 3686 3517 3670 3135 3825 4131 4244 4106 3130 3023 3984 2684 3399 4136 2559 4882 2860 2630 2410 3634 3102 3067 3417 3600 3967 4594 4442 2249 2154 4325 2584 2251 4534 2026 3561 2979 4216 2959 4067 2189 3426 2876 2882 3524 4071 3467 2802 4617 4429 2606 3796 4548 4977 4369 4734 3953 2179 2156 4034 2517 2443 3304 2289 3893 3821 4818 4007 2622 2969 4822 2674 2720 3692 4765 4069 3335 3163 3088 4493 2715 4216 2249 3795 3617 4249 2595 2764 3884 3392 3875 4172 4620 4010 2291 3063 3365 4871 
61
2365 2084 2477 2272 3821 4673 4991 2558 2597 4724 2147 4632 4059 2405 4162 2190 2577 2987 3772 4576 2245 3795 3722 3937 2779 2057 2055 3560 3631 4168 2195 4826 2599 3161 2792 4546 3768 4787 4521 3830 2079 3987 4169 3773 3035 4844 4052 2282 2459 4762 3040 2208 2507 4872 4590 3261 3607 4815 3866 3367 3726 4999 2947 3630 2595 2615 2334 3578 3793 4985 4373 2049 3075 3887 2194 3993 4182 3623 3035 4517 2567 3224 4266 3938 2379 3349 4407 4803 3888 3197 3598 2885 2017 2772 3652 2784 2608 3438 4582 3516 4502 3023 4987 3681 4844 2939 2065 2219 2004 4156 4487 4526 4160 3769 3785 2838 2193 4343 4660 3111 4138 4681 
75
4964 4348 4392 5000 2060 2697 2870 2043 4901 3322 4084 4454 2412 4057 2491 2195 2499 2325 3832 3801 3372 2101 4328 4577 2453 2064 3992 4652 3511 4231 4341 2612 2306 2549 4943 3065 3346 2786 2414 2004 3850 2138 3852 2158 4433 2124 3865 3363 3078 2538 4517 4683 2435 3046 4832 3355 4996 4093 4747 3119 4036 4548 2802 4857 2038 4542 2754 3716 3887 4308 4362 2846 3662 2081 4369 4316 3699 3621 3416 3126 4870 4054 4179 3413 3500 3803 3576 3025 3168 3042 3690 2962 2341 2691 3335 3644 2138 4887 3881 4772 4837 4692 3028 2504 3484 3784 3735 4628 2786 2416 2731 2825 4885 3973 2460 4946 2228 3721 3130 4829 4187 4146 4314 4860 3479 3636 4234 4355 4559 2506 3923 2385 4931 3018 4428 3412 3725 4450 4240 4457 3958 2814 4666 2026 3740 4488 3729 3168 2716 3910 
7
4082 2341 4390 4305 3959 4509 2597 2956 3987 4761 4091 4612 4377 3700 
37
3730 4011 4683 3066 3243 3415 4344 2632 3809 2764 3542 4058 2233 3267 4815 3894 4168 3378 4116 2872 4606 2202 4250 2480 4296 4657 2143 3399 3783 2869 3351 3981 3002 3395 4483 2490 2893 4126 3783 2007 4833 3020 3496 2962 3520 2415 2614 2093 4772 3164 4889 3241 3361 3224 3477 3944 3170 3722 3922 3074 2705 4916 2287 2771 2619 4208 4495 3202 3997 2060 3725 2548 4721 2301 
35
3191 4050 2001 2744 3442 2391 2704 4110 3331 2624 2660 4390 4390 4534 4054 3107 4392 4718 3276 3094 4777 4744 3104 3009 2623 2454 3718 2381 2369 2023 4144 2230 2495 3525 2721 2515 4062 3638 4885 2543 3284 2965 3780 4067 2182 4835 3797 4015 4447 2390 4446 2790 2251 4545 3994 3650 4528 4502 3001 3062 3775 4577 2618 4823 3571 4243 3821 4695 2137 3793 
21
4110 2850 4222 2586 3261 3148 3246 4684 2291 4333 3008 4437 2710 3989 3813 4350 2752 2479 2092 3012 3745 2075 2778 4689 2699 3125 3656 4716 2727 2879 4686 3172 4129 2461 2615 2824 2172 4463 2452 2868 3005 2438 
19
2422 4852 4965 4859 4018 2014 2117 2460 4254 3640 4987 3080 4697 2687 3019 2154 3656 2804 2606 2555 2625 4730 4192 3477 3959 2867 2377 3367 4136 4643 4631 3397 4912 3588 3503 4815 4750 2351 
19
2924 4307 3054 4964 4590 4317 3062 3143 3470 4754 4304 3888 2589 2785 4349 2008 3324 2520 4759 2233 2798 3910 2312 2703 3103 3201 3999 3471 2434 2068 2896 2970 4510 2637 3175 4328 3756 4270 
55
4139 2479 4985 4033 4056 3730 3721 2234 3665 2718 3509 2170 2407 2616 4062 2069 2169 2686 4377 3232 2260 4968 3713 4440 3014 4487 4549 2088 3705 4419 4834 3592 3407 4241 5000 4447 2193 4364 2620 2289 2209 2238 2626 2028 3455 4243 3804 3154 4714 4636 2998 3837 2780 3593 2558 4353 4480 2567 2928 2668 4564 3230 3553 2352 3560 4643 4611 3642 2344 2956 2737 2171 4614 4738 2456 4661 3696 4886 2741 2840 3246 4016 2398 3659 2457 4448 4288 2653 4513 3985 3746 4873 4522 3425 4917 2790 3577 4005 4910 3773 2994 3353 4016 4866 3643 2522 3642 4495 2501 4863 
43
4378 3576 3760 3084 4445 3668 3259 2948 2578 2326 4027 2945 4655 3519 4897 3281 3541 2996 3105 4071 2802 3744 3544 3105 4152 4949 4390 3595 2359 4854 4156 2396 4899 4790 3724 3181 3790 4951 2673 3257 3787 4351 3135 4645 4011 3747 2017 3662 3020 4954 3427 3681 2893 4793 3015 4555 3025 3431 2274 4145 2510 4394 3605 4908 3068 3672 4897 4646 2263 2203 3542 2271 3975 3987 2033 2727 2707 3608 3845 3431 2183 4682 2917 4518 4263 2818 
51
3288 3494 4913 3915 2724 3673 3249 3298 2758 2934 2963 3850 2277 3196 3373 3941 2004 2836 3410 4463 4312 4468 3252 2704 2318 4881 2701 2122 4118 2361 3870 4732 2996 3345 3351 4011 4400 3769 4445 4752 3301 2259 4919 2572 4259 3126 4225 2332 4613 3553 4493 3910 3913 3750 3121 2878 3562 3816 4016 3922 2701 3832 2692 3333 3651 2323 4321 3156 2047 4698 3916 4209 3293 3715 4055 2997 3087 3037 2781 4862 3073 4218 2009 3440 2288 4766 4919 4441 2508 2901 3995 2234 3696 4633 3027 4491 2766 3652 3838 4950 4141 2931 
55
4178 2613 2976 2638 2384 2957 3492 2990 2591 4488 4519 3697 2536 3270 2313 4244 3106 4919 4135 2625 3439 2408 3811 4673 3970 4831 4359 2484 2318 3329 3964 4033 3696 4176 2960 2714 4334 2423 2657 4775 4584 2893 4832 3603 3034 2827 3833 3004 3015 3240 2807 4695 3305 2030 4208 4280 3907 2389 4975 4934 4522 3205 2780 2169 2595 3440 4844 4399 3417 4058 4862 4416 4254 2702 4952 4887 3799 2048 3465 3968 2542 2175 4379 3327 4933 2473 4161 3843 4283 2189 4672 3737 3672 3177 4816 4329 3736 4822 2150 3717 4962 2824 3480 2191 4555 4981 3518 2831 2105 3623 
25
3001 2172 2756 4332 4145 4132 4544 3895 3532 2707 4092 2419 4893 3987 3451 2659 4631 4338 4012 4005 2397 2825 4993 4720 2463 4526 3238 4024 4106 3208 2283 3318 4854 2638 3678 2824 3747 4249 2388 2510 2843 2932 3113 4234 3864 4337 4955 2222 4901 3372 
31
4993 2784 3452 2997 2697 3370 4015 4661 4285 3176 2715 2817 4358 3878 3477 3004 2508 4518 3965 3918 2481 3860 4382 4918 3139 3830 2569 2792 4634 4790 2115 2678 2033 4159 2146 3704 4663 3735 3934 4084 2924 3596 3011 2685 2368 2536 2911 4105 2344 3786 3565 4788 4306 2762 3214 2915 3063 4695 3338 2988 2409 3114 
61
4646 2624 3997 2823 3752 4981 4624 2388 4608 2385 2720 3120 3862 3255 4980 4424 4188 3621 4036 3369 3227 4581 3138 4221 4009 4953 3304 2502 4832 4728 3667 4445 3904 3901 4305 2891 2317 3149 3834 3311 4387 3377 2213 4052 4263 3515 2733 4264 4770 2391 4893 2693 3557 4670 4838 3483 3416 3518 4184 2145 4490 2692 2911 4648 3126 4971 4675 3197 3062 4536 2791 2205 4829 3833 3899 2682 2705 3996 4713 3941 4646 4118 2587 2605 4458 3190 3391 4558 4325 3478 2960 4180 3738 4515 2386 3812 2073 3724 3454 3837 4430 2279 2074 3505 4241 2710 2431 3429 2867 2356 3332 3878 4449 3628 2903 4859 2224 3320 3033 4014 3804 3917 
51
4017 4478 2821 2193 3665 4106 3987 3378 4108 4640 4602 3110 2760 2041 4806 3837 3040 2585 2219 4132 2223 4652 4793 2420 4334 2379 2131 3205 3130 3797 3484 3717 2731 2029 4674 2100 4937 3220 3535 2480 2472 3048 2112 3787 3798 4140 3340 3677 3425 4560 4373 2685 3830 4765 2971 2992 2562 3694 4053 2008 3032 2925 2710 2127 3263 4719 3952 2615 2989 4558 2847 3753 2673 4764 3298 3889 2765 3648 3044 4744 2067 3837 3856 3757 2080 4680 3339 2344 4167 3983 3495 2733 3351 3273 4828 4563 3438 3249 2979 3258 2519 3554 
75
2738 2619 4543 4035 2314 4227 3727 4761 2438 2459 4885 2325 4563 2261 4242 3971 3863 3262 4816 2419 2550 3488 3253 2023 2446 3478 2689 4011 3021 2562 3117 2045 4191 3051 4500 4247 4331 3309 4683 4814 4667 4024 3647 3361 3841 3327 2421 3353 3190 2151 2243 4270 4243 4962 3768 3579 2265 4769 2167 4516 4761 2305 2459 2215 3300 4865 4019 3333 4851 4491 4898 2270 2036 2219 4759 3307 4745 2747 3285 2919 4445 4850 3211 2717 2099 3002 2235 3225 2341 4404 4642 3743 4012 3757 4763 4014 4161 4356 2695 3010 4968 2461 3389 2230 2076 3435 3975 3212 4331 4864 4993 2651 3512 2660 4455 2382 4032 2604 3401 4819 3979 2117 2210 3183 4373 3685 3519 3671 3897 2456 3445 4728 2584 3490 3409 2127 4780 4631 2461 3974 3753 3634 3946 2163 2690 3447 2676 3038 4732 2991 
37
2883 2107 4607 2409 3390 2901 4093 2814 2184 4511 2727 2290 2671 3388 4213 2459 4508 2280 3747 3297 4531 3433 2306 2265 4715 2520 4588 3809 3875 2280 2559 2668 4271 3262 3743 3374 2997 4581 3526 3651 4103 2290 3913 4268 4451 4370 2306 3937 3693 4609 4453 2687 4989 2541 2536 2877 2808 3198 3942 3521 4107 4692 2008 4109 3861 3086 2883 3238 3883 3889 2793 3236 2885 3043 
11
3815 4957 4980 2885 4490 2773 4025 3371 3512 3414 4871 3798 3256 2171 3460 3936 3477 4277 4119 2126 2774 3428 
73
2965 4700 2784 2388 2020 4157 2579 2571 2536 2437 3692 2621 4767 2213 3207 3712 2518 2162 2569 3857 2340 2757 4780 4778 4401 2341 4472 4920 2681 4794 3281 4703 2230 4580 2190 2777 2525 4982 4072 2879 3744 2109 3847 2080 2376 4005 3571 4667 2599 2685 2428 3792 2700 2291 4719 4058 2276 4866 2338 3900 2802 3655 3062 2265 2604 3472 2971 2930 5000 3305 3004 4663 3535 4947 4532 3343 3058 3912 4015 3096 3859 4791 4529 3965 2774 3379 2388 2250 4137 4788 2240 3679 2253 2589 4646 3554 3028 4673 2342 3471 2432 4777 2343 4201 2867 3920 3950 4101 4415 4993 3609 2615 3331 3475 4808 4840 2251 4735 3586 4920 2270 2914 4017 4485 4571 4204 2750 3957 2323 2379 4772 2737 2273 3390 3912 2513 2617 4838 3637 2831 2822 3175 4249 4011 3648 2840 
11
4466 3866 4772 2131 4955 3013 2034 2313 2389 4064 4129 2123 2984 4072 2589 2747 3712 4411 4267 2928 2691 3408 
33
2001 2114 2077 4736 3089 3531 3739 2892 4272 2174 4492 4113 2692 4375 2059 2405 2250 2743 4946 4228 4761 3777 4519 4562 3350 3662 2235 2184 3223 4515 3044 3908 2278 3775 3005 3630 3292 3371 3933 4914 4137 3977 4381 3351 4125 3702 3366 2837 2682 3868 3842 4178 4494 4837 3523 4953 4905 3477 4495 4187 3112 2305 4677 2343 2338 3459 
43
4007 3713 2404 3871 3897 2183 3578 3371 4844 4652 2780 4339 4886 4357 4484 4811 4659 2960 3439 3011 2962 3235 2575 4903 4026 4217 3768 4382 2492 2235 4450 2905 2901 4006 2617 3640 3122 2195 2685 2188 2192 2395 3285 2982 2235 3977 4036 2685 4909 4161 4911 2943 3780 2529 3454 3188 3589 2959 4682 3989 3351 2479 2554 4377 2935 4439 3653 2858 2603 2736 3983 3643 2074 3414 3658 3485 2050 2476 4497 2611 2988 3302 4953 4756 4669 2929 
47
3717 3259 3566 3097 3638 3183 3959 4640 3117 3827 3730 3201 4158 3685 4303 4894 4016 2985 3962 2296 2211 4658 4482 3439 4200 2625 4114 4317 4549 4332 2131 4730 2069 3190 3366 4217 4841 4604 3302 4995 2217 4468 2615 2743 2077 2795 4304 4844 3514 4994 2584 2913 4963 3951 4753 3439 2312 4027 2939 4462 2674 2587 4975 2047 3204 3406 3130 3678 2815 3674 3784 3556 4125 3296 3022 4422 3275 2260 2930 2287 2932 3199 4921 2946 3231 3332 4874 3737 3185 4658 3420 3281 5000 3870 
65
3740 2302 4431 4713 2118 4703 4487 4329 4066 2043 3569 2808 2834 4037 2474 3138 3140 4004 2946 3864 4673 4108 4017 4156 4177 4874 4360 3040 3492 2577 3823 2912 4503 3060 4275 2913 2810 3901 3904 2647 3012 4565 2215 2446 3474 2824 2191 3146 3725 4672 3305 4944 4814 4056 4661 4791 2370 3402 3861 3346 4628 4523 2499 3080 3139 3908 2683 3378 3759 3467 3061 2786 4261 2635 2300 3376 4706 2600 2346 4901 4794 2040 2905 3175 4211 2597 3904 2108 2264 3019 4346 4131 4788 3791 2839 2209 2649 4557 2579 4010 4414 3290 2702 2266 3808 3470 3092 4483 4599 2935 2968 4251 4484 2045 4540 2597 4858 3813 2532 3739 4927 4188 4759 4334 4842 4456 3751 4190 4434 3808 
9
4800 4781 4973 3958 3801 4641 2512 2051 4662 3798 4799 3170 2970 4589 4580 2995 3437 3659 
73
2895 3904 2387 3204 2161 4452 2376 2920 2406 3476 2259 2442 4024 3158 2831 4140 2998 3227 4470 4763 3376 2054 4974 2018 3692 4411 3189 2821 4710 2724 4252 4016 2700 4356 4731 4867 4809 4691 4553 4108 2723 2919 4303 2832 3145 2441 3756 2900 2219 4237 4788 3783 3415 3806 4238 2035 2029 2381 3794 4120 3738 4952 4619 3902 4397 2856 3416 4641 4429 2829 2433 2758 3829 4078 3407 2627 3720 4748 4342 2086 3019 4928 2888 4462 3667 3291 4803 2015 2926 4194 4264 2994 4646 3538 3758 4929 4428 3927 4802 2549 2578 4366 2412 3516 3611 4822 3303 3775 2969 4392 2049 4103 2848 2110 3228 3612 4492 3938 3190 2135 4601 2093 2861 3344 4807 3900 4915 4909 4235 4208 3246 4436 4082 4640 3639 4008 2480 4190 4576 4662 4358 2926 3377 2371 3667 4352 
57
4617 3345 3027 3383 2957 2775 2776 4527 2650 2019 2314 4195 4851 4337 3892 2957 4504 3758 2064 3991 3413 3912 3220 4579 3306 4903 4734 2687 3995 2074 3634 4546 4310 3330 3502 2214 2306 2192 4011 3208 2189 4922 4105 3845 3605 4353 3593 3851 4000 2040 2488 3390 2622 2945 3376 3859 3016 2375 4481 3975 2183 4193 4796 3620 3164 3835 3815 4742 3165 2827 3665 4702 4724 4913 3372 4159 2190 3339 3566 3931 3757 4963 4688 3310 4267 4908 3928 3258 2670 3819 3738 3381 3140 4374 4405 4410 2801 2316 4549 4159 4640 3378 3877 4120 3910 3440 2996 3294 4129 2850 3802 2362 3187 4106 
73
3966 2209 3809 4756 2939 4702 4074 4092 3282 3225 4666 3708 3368 4003 3623 3071 4491 4148 2135 2113 2932 3087 3431 2457 2330 4137 4719 3886 4465 2566 4028 4182 2609 4194 3257 2085 4542 2374 4061 2360 4894 3446 2609 3455 3954 3187 3493 3045 4104 4842 2688 4107 3652 3090 3173 4646 3150 4239 4291 3034 2688 2680 2276 4808 4083 4154 2103 3636 4243 3773 3872 2024 2147 3069 4936 4775 4096 2317 4484 4104 4421 2604 2089 2090 3841 4663 2490 4489 3950 2594 2108 3381 3806 4564 3476 4979 3337 4847 2159 3955 4723 4435 2014 4367 2603 3150 2381 3525 3860 3075 2770 2976 4498 2226 2440 3899 2193 4890 3136 4343 3416 4387 2632 3397 4590 4402 4014 4674 4803 4062 4623 4779 3142 4511 2910 3609 4254 2138 3408 3471 2531 4562 3253 4378 2187 4409 
27
2965 4159 3192 2307 2770 4357 4401 2788 2389 2850 4498 3761 4519 3829 4518 2845 2176 4605 3620 4823 2612 2652 4037 2681 2051 3088 4482 3644 3311 2820 3076 3346 2211 4928 2353 4256 4018 2430 3599 2524 3872 3866 3700 4889 4610 4418 2085 4540 3718 3437 3597 4044 2900 2656 
55
4169 3324 3625 4246 4456 2833 4251 3809 3405 3868 4878 3849 3112 3988 2019 4013 4581 3319 4037 3365 3166 4338 3338 4520 2113 4278 3119 4143 4868 4979 2132 2497 2353 4035 2033 2135 2227 2863 2923 3585 4822 2488 4168 2144 4527 2923 3258 3787 4457 4819 3661 3748 4836 4883 4869 3162 2543 3002 4108 4579 3332 4337 4521 4373 4330 3957 3854 2072 4859 4911 3430 2642 2647 2592 3695 3605 4185 2090 4491 2661 2414 3721 3583 3401 2139 4612 3394 4159 4677 2567 2380 4287 4517 3816 4612 3423 2176 2570 4212 4037 2860 4108 2981 4261 3774 2896 4811 4556 3473 4915 
63
2937 3878 4377 3191 4742 3355 2151 3918 4895 3430 2160 2676 2478 3324 4945 3185 4973 3065 4077 3653 3110 4840 3047 4819 4590 2065 3168 3663 2874 4792 2170 4381 4516 4951 4501 2755 3642 4435 3557 3340 3093 2398 2229 2505 2264 3051 3673 3094 2881 3498 2863 4807 4158 3398 2398 4320 4209 3859 4517 2462 3346 2030 2137 4477 2295 4263 4419 3951 4407 4884 4114 4747 2808 2621 4743 4137 3471 2973 4139 2917 4060 3121 4808 2638 2631 2756 4820 3718 2695 2347 4649 4051 4584 3892 3305 2316 3827 2891 4719 3406 4247 4825 3813 3281 2221 4601 4253 3278 4424 3799 2524 3148 2953 2910 3992 2211 4239 3538 4340 2189 2082 3521 3902 2796 3562 3572 
59
2359 4756 3525 4843 3742 2413 2636 4159 2409 2994 2951 4921 3192 3725 2860 2903 2950 4842 3402 4292 3445 3487 4592 3435 4086 3293 3283 3419 2121 3874 4437 4441 2677 3406 3679 2807 4859 3757 3252 3955 3606 3397 2278 2109 4385 2671 3329 4059 4976 2315 2773 2996 3555 3077 4666 4027 4108 2854 3882 3142 4763 2142 2433 2916 3065 3086 4074 4205 4798 3493 4419 4421 3162 3665 2479 2378 3140 3931 4703 2141 4960 3860 4999 4443 4485 4369 3855 3564 4808 2085 4882 2826 3866 3533 4826 3816 3592 2115 4936 3958 3358 2525 4071 4108 2699 3202 4368 2625 2465 3456 4228 4151 4026 4996 2982 3435 3509 3298 
35
4857 3980 4377 4739 3165 4157 2584 4748 4840 2991 2836 4627 2188 3566 2229 4557 3499 4773 2725 4579 3253 2176 2714 3126 2980 3586 3014 4411 2637 2855 2209 2091 4089 2788 3500 3305 2736 4518 2175 2363 2679 3781 4137 2125 4338 3729 4542 2160 4457 3682 2303 4749 2702 3239 4965 4934 4351 2081 2629 4769 2279 4564 3363 3846 4877 4733 2926 3730 2239 2480 
39
3944 4760 4708 4847 4602 3941 4145 2239 3651 3378 2062 2952 3568 4342 3714 3052 3599 3465 4575 4534 3329 2968 2553 4635 4018 3406 4629 2545 4898 4059 4620 2887 2887 3048 3006 4311 3618 2555 3778 2255 2913 4966 2207 3950 4147 3569 4532 4800 4248 4146 2881 3287 2833 2602 3473 4977 2199 4402 2433 4790 2714 3388 3447 4407 2055 4110 2023 2553 3564 2500 4672 2193 3316 2837 3295 3809 2459 3971 
55
2478 2627 3500 4817 4874 4201 2730 3004 3678 3240 2438 4232 4561 2698 2720 4438 2563 4501 4780 2771 4815 3766 4597 4843 3303 4976 4785 3520 4020 4266 4710 2858 4935 2559 4625 4197 4318 4831 2187 3997 4446 3311 4101 4095 2103 3853 4794 3218 2332 3681 3476 2282 3816 2528 2895 4642 2294 4927 2906 2208 4528 2074 3598 4634 3755 3359 4335 3929 2016 3616 3729 2993 4949 2617 4991 4502 2688 2189 4094 4580 2301 4108 4858 2097 2461 2742 3654 2289 3226 2245 3850 3857 4666 2042 2435 4854 3466 2220 2756 4137 2022 3688 3467 3485 3376 3218 3166 4031 2571 3001 
57
2613 2992 2729 4327 2073 2162 2551 3698 3368 3055 2914 4937 4368 2817 2411 4205 4435 3511 2019 3940 3708 4396 3222 4817 4218 3802 4312 2483 3628 2355 4586 4209 2166 4091 4528 3708 4585 3478 4061 2586 2530 3284 3128 3281 3851 4697 2789 2285 3491 4561 2435 3417 3495 2760 3282 2122 3411 4087 2371 3939 3868 2878 3374 4929 2331 2397 2984 2437 2358 3836 3380 4579 2417 3022 3767 3602 4284 2350 4951 3848 2398 4474 3964 2081 2832 2722 3535 3191 4960 3756 3603 3297 2404 2873 3056 2820 4805 3596 4710 2643 3569 4976 3081 4966 2047 2426 4482 3189 3380 2403 2319 3615 2219 3651 
