57
45
40381 95516 22470 76069 90249 79665 41264 91133 51485 48940 72401 64530 84685 96747 37145 51079 13548 81809 28227 30403 52718 24748 98464 82411 79988 47687 32686 24705 37500 85236 28628 35998 38884 91095 21236 72440 30179 92432 43671 75383 54267 54289 60880 92774 44617 34733 38722 34023 93658 61558 37210 43413 72868 38488 49367 47617 91079 39199 59377 15772 97819 19000 64257 42807 70297 52696 28191 37250 71631 21439 44735 41742 29946 91707 42827 53810 67572 42387 22588 21880 20946 39635 43663 25150 71384 21698 87974 77544 54819 36239 
79
28216 25458 57696 13109 44017 36224 27548 93848 33116 25005 36805 53724 53355 52842 32342 64713 23525 12575 80201 85881 51451 38035 82681 95185 36591 57714 97252 88143 72161 84029 63895 92890 50902 94574 71273 97873 77344 29541 50636 73411 50880 21870 65281 34750 93665 22093 44050 65989 59094 26861 20691 70268 96559 67235 12793 71201 40420 43352 41467 68815 85483 50040 99800 94192 90132 60925 10340 21921 99274 65768 28755 20283 78502 56240 59151 51155 44562 84909 73213 56910 81207 71242 14675 57391 78589 66067 87309 95353 76301 91426 27942 24806 48096 42344 28177 28120 36148 29184 57335 71967 80807 49390 62718 91874 61369 32561 63856 15809 46715 44147 16404 82473 49315 46146 14617 77833 40845 95487 80766 95109 70047 45147 63085 14941 59026 74587 29760 51028 61418 48839 12846 73003 78927 38127 29510 86877 19187 71955 41807 15842 19076 93184 66223 50033 85953 67172 82111 10553 25430 79355 37783 71836 39963 13782 61451 63584 43207 85948 
17
18456 94056 95277 30207 16605 88054 14657 11028 64186 31334 71216 60329 21782 33762 96585 72354 64132 39741 37688 50500 32876 99053 79090 70799 49649 75254 23365 29487 18963 21950 46226 11155 97389 77757 
39
95118 95703 21977 28492 55842 97696 19996 36155 32800 98117 53170 72381 19665 13415 50710 61774 21427 23975 58539 24770 62284 61253 51139 98357 74567 56728 67848 21502 76159 10077 82986 42134 19872 40899 72630 19274 99769 74668 95905 10136 40954 96830 79214 39912 83196 52135 47081 26266 80002 65956 62270 32691 88472 17207 29139 59400 16109 29739 99546 44542 30391 61504 76708 47271 71366 47624 37370 69211 28525 54513 55827 22138 93724 80295 61908 81163 56360 85785 
47
77126 34418 29318 38466 82298 63078 86064 28107 63378 75577 64394 72191 26986 64532 88346 90731 14127 52469 16599 20614 99554 53432 32013 86979 82405 93550 56665 17813 85345 80574 79056 55269 94959 53351 31468 48993 86339 84206 30737 50157 17918 43764 82179 35887 18584 97401 20457 91023 63549 52481 26261 19865 63549 79825 40973 80836 33673 10405 85991 18273 34983 34527 16890 98826 86213 46086 61593 29864 87696 25214 85992 81739 12532 82346 32473 50947 51576 57804 76976 85967 73287 51645 66395 52166 88839 93190 89192 86773 15433 85339 53612 45706 89520 44855 
23
21361 15093 97847 49534 32023 55290 97325 26053 76959 34584 63003 78333 35036 20889 30460 31526 59215 77248 63572 60163 66087 17826 45532 19776 44541 76991 14482 97156 57813 41749 27803 75465 20229 94490 32160 85041 23572 15085 91304 14408 18809 87260 34022 31559 18390 65331 
61
73588 37408 26824 12899 83059 94658 12752 16035 88368 10313 17101 46991 26693 12096 97850 97968 10665 18882 76950 44342 25358 18565 28609 61642 47978 33719 36068 61407 23162 23655 91110 92510 94378 94190 32043 55739 87050 57588 82907 70586 12972 89570 29082 66996 43213 36910 84108 16807 13564 50641 62579 73103 39599 82941 75976 89900 44572 65321 85129 89910 87129 19900 20369 24557 38590 53937 26195 23193 48143 69187 59372 65036 37042 29306 43347 58935 20871 55110 61042 13416 97578 24850 59726 85765 21430 41281 20918 31563 84154 17897 45460 58580 67764 75909 34362 82872 41342 20672 59744 49869 41858 86973 71627 52890 40449 35478 26426 29759 52644 62784 14246 53625 65364 68993 18427 48115 15027 79255 35362 62412 69649 71989 
19
73379 14694 27872 15963 51682 44973 64986 54274 55655 58816 52059 18194 99112 55845 53925 98022 18378 33995 17198 11503 71636 34123 63835 70569 71638 41927 42276 31743 50029 52674 47611 84045 84590 90271 15173 70023 63913 96399 
53
35991 90549 89874 40555 32564 43672 69344 58685 12281 56303 95194 84409 72220 87671 98848 49074 64981 93277 90315 72069 10524 84861 90375 67577 15681 13937 77357 85431 19538 56398 54864 82788 25776 78861 48824 17104 78086 50650 29721 59026 50065 14073 68514 53070 49119 65283 71500 66179 72508 59247 93175 18260 84281 52485 56550 90910 51806 84676 32692 13961 67820 71152 35511 27848 38287 55226 96197 93704 19178 13611 93850 47523 33317 74751 56317 54626 50441 38458 29697 66598 27389 60674 84134 54488 11113 90053 12426 61406 97025 66394 65110 43212 28284 94348 19050 89832 56428 49923 38184 68747 88560 89208 20576 94140 85077 23921 
9
73933 52662 55909 10098 63253 16216 52849 28339 73856 15906 16090 78168 29809 20074 52795 89856 43714 67440 
59
90982 66864 31160 50308 34600 26936 23441 97798 90901 57785 16447 67915 93458 31860 72799 91604 60922 86411 63939 68038 90275 95769 69189 47804 94183 40938 24729 23402 93450 70081 30462 34154 75949 65047 53072 79823 55234 81687 99856 96922 62642 99288 15676 39952 53968 51608 62012 83507 60745 87864 47391 64312 52380 82056 25304 64389 87105 75174 60085 39111 99694 26266 80350 87275 19832 26225 99525 25567 63763 86455 45971 99780 16025 65212 54765 18290 72218 53444 23112 95681 10406 29939 50915 28439 11857 11560 73911 94094 75568 66353 12753 51596 76616 91296 70101 32426 20397 18083 42799 73843 33031 19941 26986 31394 60888 52123 49634 60072 58025 96014 75043 70160 80713 11284 50729 67762 66905 55982 
49
50744 25763 54617 44181 97406 16468 20242 75632 39295 26727 99550 11870 56916 23367 84051 44744 77021 77157 27826 35238 48947 40665 14243 67495 80389 62016 32297 40607 96769 19806 86722 89426 68526 65260 62538 93988 57381 67075 67263 16753 19949 70182 11829 89765 91230 44665 35249 17585 16905 37743 62409 25699 77836 60760 26328 53783 78059 40685 97621 66190 86190 38731 32606 26072 61898 51786 50582 88878 88394 45716 12480 16174 63137 33893 70520 19333 63267 43942 87210 66206 61615 82823 95170 98147 77428 20403 45464 81453 64703 99258 52325 12360 32784 20167 42462 53615 44064 16065 
87
88595 25675 75453 79731 79584 15174 26279 93180 88867 50049 33203 16760 16236 31774 63443 96203 21208 80141 45074 28270 55336 72392 53872 23436 35699 39804 47348 71102 38489 89907 63283 24798 83185 12021 44476 49527 53651 54509 19556 96684 96453 81609 64202 22130 51618 34947 19193 56431 62799 21723 15618 30761 85247 28510 21575 88928 36405 82408 11893 93628 45464 73157 54439 22518 38424 24549 39674 20616 66480 84797 23533 79752 28183 23055 25025 78464 38621 57057 12754 64279 57989 34163 58398 44003 33890 94828 21049 12004 66175 56225 12576 53600 59299 73999 13299 19121 55572 96354 59924 79063 97189 41302 67382 45069 53594 91082 76965 72644 18187 50971 76920 99385 21456 63623 29350 35884 91718 59470 56542 54841 99402 38734 81266 63003 98787 15550 93895 81853 38196 56645 70015 34445 43305 48549 92373 28507 61644 37078 62488 86213 26309 13418 91507 64030 70967 34831 36416 24679 53475 87305 15509 17986 68214 33190 76414 58174 29725 53890 64671 65246 37572 18607 17998 39717 97573 42438 80860 14659 84377 12960 47014 24074 15364 45855 
35
70180 18795 16608 38246 98859 43672 78400 68314 36907 67365 49936 68215 30120 79439 59687 42986 74843 78613 43619 21171 86308 74814 82823 35746 46868 26312 91697 28372 41072 98308 37056 27710 96879 61635 12006 47404 64649 34327 24638 89723 74311 33348 86041 56084 98262 39850 90240 24504 50116 90733 58054 45794 51757 96803 97270 62139 53965 93030 83031 17522 57161 63595 52673 58406 41960 78937 43508 74903 21194 24248 
69
46889 69458 20794 94064 95405 75372 53392 83049 62768 55601 55973 58591 36129 27499 15734 31907 97185 24902 33867 77028 43858 76943 28384 59084 49142 90825 58551 23506 64950 47753 52561 33766 18143 82458 99111 54806 56787 56746 87390 76991 89729 62584 51160 52083 77275 55820 94584 99199 68715 60523 66750 38070 60226 17015 32492 86123 32260 87823 16140 94184 16779 47961 90909 22117 37425 99774 68653 11091 53004 98575 58832 71098 28698 13903 40106 23395 74312 30874 98986 11240 85980 39114 33942 53534 30928 45716 12367 96365 69273 44464 63983 77543 14262 26809 61185 52598 29343 45361 48214 73155 36280 74932 83689 60110 54702 12716 24131 22733 93681 33458 45984 90175 44356 36195 75521 31601 45105 51389 62553 54128 55979 97944 70465 18063 19765 84726 93670 21028 78130 20719 18249 70338 18667 95550 70230 55888 41310 74236 
59
81148 93177 49050 40379 28780 33269 40787 88990 63434 96802 52269 57328 52199 73910 20790 14011 98224 61217 31539 18840 16915 55614 34273 50422 28187 79466 89752 66220 56819 80716 25801 94931 41934 41882 35245 17834 23030 80468 75071 87291 93626 12465 77297 81707 35350 74846 46981 13665 98505 86072 68461 54310 84771 45415 85815 17307 96758 12134 61326 27913 60021 50921 33598 73900 10963 22395 28604 76508 34090 62400 27421 62119 96666 47263 72124 43612 45000 52050 25575 62466 58142 61978 94982 40934 22530 25329 61661 73016 93163 15807 43043 81453 92034 52862 78858 22850 41687 36063 30808 97242 41695 63974 14732 38418 70841 39042 20567 77739 45290 79428 22533 67013 25389 40585 48942 93694 68867 89740 
87
60991 54118 60590 59384 82667 85112 91294 70930 58883 18941 78702 74367 29700 94418 29480 27298 28541 56301 59929 35170 59751 23452 14309 45666 18502 45327 82297 38968 52015 56019 76515 81727 85216 21612 35869 13793 21729 42674 14740 86214 89871 98334 29998 91213 83402 66478 30047 63107 68994 91734 69145 11855 54520 54583 92679 13158 62167 81149 47399 39580 80517 56471 75591 75382 85576 37557 99294 30430 90773 52093 89259 41507 43208 15959 63079 10987 13644 91057 36398 17079 64169 44777 33679 48735 68516 72838 14602 78627 89578 97866 72366 14285 34958 32777 55062 68428 87260 21619 56225 23302 83792 40268 73746 56254 17660 29191 78354 57111 94950 89419 98242 83117 18889 82865 92149 20229 91333 68047 92367 45564 76230 44328 20844 36524 71881 74953 74115 44193 13451 39860 16260 79420 65044 61926 54192 46910 58096 10342 95140 14727 65988 71352 42877 84441 62991 21383 81148 18571 70000 35651 74935 87558 99643 31297 96435 75316 56676 96624 90576 44515 93364 49534 97684 72739 77147 88383 55444 71240 88815 83030 30127 45250 91173 93599 
79
10483 76548 47530 48964 42444 55481 13091 42387 93519 68019 29645 87458 46387 20562 70785 78627 87564 98895 43985 32866 73117 37836 77829 20285 20650 14030 60017 39032 98660 21734 69132 93635 33319 16373 77642 86987 37356 25682 18884 82709 43991 92532 11295 48277 46813 65081 11218 12197 93449 11703 28226 15049 73105 33964 14794 46583 38258 81171 77822 30746 86671 98261 19599 69700 10279 61405 21928 84220 34661 84374 38668 44023 35077 77615 55062 14878 72768 56002 97677 57816 94107 68003 52817 53001 48751 49723 85889 55229 98091 85294 84684 86232 82847 60626 92633 58271 84991 65123 32736 35147 25743 76650 55629 48259 76355 46283 92498 62172 40973 97121 33479 91947 83161 82459 73281 74194 55487 72940 85111 99447 34336 72620 65294 19400 48435 40831 71790 53508 22474 79233 90446 72633 30692 91422 96047 64174 30879 92888 29321 12747 51953 82959 24725 93755 60396 76483 88126 86255 14089 89929 28636 56366 27129 51245 62871 78047 45854 69185 
75
58126 42862 31383 13386 42066 29078 49402 36422 56793 60940 38931 13323 30851 31699 41647 12728 30051 44299 85408 13848 91477 77138 10256 51729 81775 87715 85160 17082 18516 34674 38702 78732 23787 40728 59161 10758 43275 42451 15571 62304 40727 85449 77275 52991 33869 30364 84378 20753 24782 32158 12586 12485 25822 23295 15120 18231 84606 69264 51316 87414 95968 56200 26750 45173 66088 39224 11466 25953 89285 43497 30623 28981 33686 15537 81684 57193 80643 36923 53610 84447 78681 61888 27880 46623 14257 76095 71238 87181 76021 98577 87792 50741 57064 70209 32717 10761 82126 67293 12445 13010 86910 42539 88906 37205 53580 93743 30481 16390 84759 16974 69997 57197 39502 90735 13481 47791 22896 33810 77087 85533 28451 81324 19137 71424 98794 32140 43217 22366 90360 89226 80126 43256 91077 87302 19262 62992 59983 50769 47114 33886 21203 19664 33951 28443 46926 86465 58863 22790 65938 73308 
29
49113 94362 92019 77610 83212 29209 18172 18509 36857 38597 48794 49206 75263 77446 90542 92674 85135 27504 86902 36304 38873 18338 64879 87350 48954 93901 46771 70270 70408 49867 25057 96553 73528 93194 89868 21013 38682 34894 34898 35955 22577 67285 36456 45269 44836 53090 79923 44243 10251 20499 75857 68597 31292 93743 67081 78636 75597 13130 
19
39603 40840 15074 39610 37573 46486 85015 44571 60819 44574 97244 25861 39734 83264 67109 63710 94655 75553 88313 76244 34160 76753 23742 55034 94247 40174 63863 23375 18114 48633 62149 25625 81384 51424 15933 59361 15209 89127 
19
20943 43443 18305 28592 19479 10818 11399 47336 31351 84096 59426 21287 35896 70903 82021 97000 98170 70784 94561 91585 83025 62993 88321 85027 56858 59255 22243 88517 12215 54846 14812 68187 29285 75813 35334 83474 91983 28813 
53
52353 23553 54501 46127 81807 67469 42860 14693 13615 35705 82593 49957 11821 93474 28521 18549 65843 62747 97399 90089 44994 75098 87836 12368 34689 64146 89853 43323 99562 28355 36632 95397 58176 26219 91884 43980 61929 22404 62626 82368 79788 15639 33308 47492 76097 86102 45434 20208 95615 75211 47693 99516 44418 52030 25750 80530 39075 42529 12169 41393 90775 47338 72007 13548 81092 99008 88195 25438 50762 35609 55691 27930 88027 26348 25705 49302 78521 93952 44987 61423 57210 86226 35318 23929 75095 55231 49660 36186 32245 40788 67578 62479 56488 77697 43959 73473 76546 47544 47024 48252 94758 36085 17470 65503 48776 45758 
19
39585 63134 86867 69140 96297 32567 25496 42524 30518 56596 46425 54124 93767 94007 32242 55867 72557 80581 49753 64928 37708 41813 60429 25034 52519 87990 11962 27710 19708 74221 20965 72173 57649 35753 94025 35336 73911 31883 
59
79831 81487 61935 97171 39574 37110 91735 93014 75674 74551 37831 10058 77265 56566 56926 45473 63566 71924 14831 70938 40301 12918 13634 80846 18115 98782 28838 26583 53945 10396 19202 56285 25676 70548 14605 51840 74604 82158 89331 71943 80128 11404 40964 97741 10140 44169 33466 10235 74580 26581 11511 33655 15667 21308 12622 34544 40080 55205 72247 88760 73290 19015 87793 54494 64872 67664 90728 71996 56912 21161 78140 25876 41680 62279 28916 11260 56027 75923 83461 94928 66655 22526 97580 19932 62456 99890 77045 75947 98665 64862 93374 50382 55844 59789 16039 81392 36821 49578 95792 59046 85847 78221 69707 63486 49988 65899 43442 80955 80123 83593 82075 91811 68283 46513 15303 43055 29654 85628 
7
50358 42925 84417 36367 85473 34003 52187 92166 96700 33746 16449 35814 74091 99309 
33
52023 83475 57295 76427 64363 97313 61645 88135 17236 11263 65238 43209 67352 35142 92792 48552 83174 35006 66969 17505 40160 42176 40790 62930 57556 18674 24857 86979 76291 43323 40884 81150 52153 40840 90446 42413 52874 35179 93922 53070 89512 65074 18763 19034 10488 34744 66609 39289 33995 54444 53724 36943 81807 11325 67491 27852 53578 31458 64604 90361 70711 66928 46212 32457 20599 16754 
15
94409 85006 27416 75733 47696 57008 71980 71037 35955 24713 10223 72835 50265 45369 53823 91472 95523 24021 83672 17123 37496 74452 67775 36185 84450 36126 34991 14841 78274 27155 
33
50822 97057 26807 65320 84914 93351 88546 42321 58854 65085 64519 45031 84071 43141 74365 83639 79138 17910 24379 79091 39374 80578 74781 81419 51405 57874 30153 36642 75731 94848 37354 41748 72282 41250 19765 17837 27059 31615 34042 42664 88564 27119 31416 45872 17608 63027 28980 34712 43234 29786 65301 35165 14054 46605 39780 54404 30994 19362 66629 28801 74951 30353 66855 48221 33933 51109 
31
55184 57516 18524 56108 73019 60894 27232 84112 68100 61649 73055 29898 76554 12049 28230 89215 86146 67242 67261 38578 86166 35027 73375 67416 32761 75158 44566 28821 61848 84733 37838 20673 29516 56966 69843 42019 68549 68241 38021 72274 20334 93557 72496 86394 76404 17590 92200 68761 32094 69297 58958 20665 74581 77807 45421 49540 69426 47241 36048 72202 46249 16465 
71
43692 80066 56988 48626 25011 95025 46789 38389 88702 38502 73698 76047 79021 17711 31661 72108 21403 52667 36884 20493 70330 85823 16111 21459 78745 71282 73995 81064 50389 37044 46010 49893 30036 96787 18368 91797 46963 49009 14337 91092 51165 18057 72393 25459 17042 59451 76347 99008 68169 35987 57336 15851 18878 98101 10732 62052 59609 81944 30882 68923 15639 56137 82959 65830 84546 70594 86325 64586 39067 33440 97152 90601 18128 36904 95349 88927 84145 60054 43358 33187 10281 87096 37392 70996 63454 14867 98358 57546 75329 78641 19694 25858 59061 78562 34112 40804 74058 29524 14877 81611 99264 56855 91301 34605 26481 26295 24579 13302 12918 90497 78648 61602 55295 68839 95414 59580 74477 48166 50145 48353 58201 79275 45524 34186 89681 21018 91520 55731 67005 73917 15051 66680 93011 51759 16669 78202 58264 81463 10246 72102 58179 49664 
33
40156 36246 36983 86714 39260 48495 15809 47074 45729 17902 18172 90970 90491 36962 76094 95269 61808 64540 60618 92825 85374 63739 96198 48636 85143 52863 66811 18747 76240 62850 65491 77578 31204 66898 78966 55700 93932 98260 48482 49681 15946 95761 16768 11242 32351 19340 95768 79303 22757 49721 67077 93615 52966 37012 10197 81667 36708 68442 52975 86234 37527 10348 10984 93242 84579 98729 
79
48844 88106 27386 84441 43019 28444 62883 90242 56570 50708 96869 32021 78650 15478 52851 89730 76292 94334 10276 74278 14333 63734 44635 23991 72075 39674 70929 41009 22553 80744 46346 13437 11195 41395 36895 10753 48749 78159 50195 30722 97422 43110 98710 69790 99962 62702 35296 18457 62649 77476 79320 61996 63338 65157 90962 98684 12646 32455 76104 96566 70028 30821 20644 49591 85896 18917 86370 26669 30413 77929 36329 47674 30364 99493 75689 29121 63154 66800 50808 26028 40684 63060 75893 23420 41131 84504 61619 90677 84503 67596 26697 20736 81084 52879 36782 31879 43151 21691 65561 26396 31516 48765 85038 77182 73470 78851 68091 42248 84094 95069 28037 20899 52024 77170 68265 31321 90947 19979 39888 83098 22806 90872 22481 99899 64378 78439 57642 47073 74402 90955 83935 26605 64776 90196 45461 15979 94224 77494 82668 64615 97890 43219 81818 36386 75979 10393 37090 69111 87829 91711 41456 71376 67876 84013 16174 13971 73268 34457 
39
89376 85408 84152 39219 35682 66514 15903 98158 76274 29127 46298 93280 67673 50382 65917 63209 42219 70368 50809 73065 26303 20075 87404 78737 40842 13213 42028 36377 88461 47745 90858 29274 37683 35913 36837 62197 98064 74859 48009 27104 37100 30147 25801 50031 42115 21696 87627 66910 60855 20396 39301 30195 66646 87032 87678 54463 62970 31426 17184 19375 53424 36240 37228 82021 48758 53075 93442 21721 99057 66375 26336 43426 51689 92180 90442 45795 81601 90031 
39
11670 70454 60961 79017 84889 63396 50003 11627 59431 14664 83990 80120 67245 82668 71456 84517 18504 70924 61348 70674 56387 22645 49085 96079 68712 69479 44994 51418 93368 11227 88329 68068 38591 46247 77731 42442 90878 76094 37015 68619 95242 41345 13696 82354 35961 67154 27977 30091 21783 55554 18938 68713 77860 46311 16322 85613 64746 12103 77494 31969 16083 56363 86432 90898 48139 79138 22153 62221 31776 73786 97627 32081 34997 37476 25647 53545 41796 76646 
15
93417 33420 68772 68556 30971 89369 66182 79764 39760 19325 95969 57320 43628 88462 53981 39122 70184 37903 71904 30603 37508 48056 49854 19699 22700 70996 38517 30632 37268 56727 
15
17486 39104 10850 42625 64886 89824 19006 51534 72844 20269 83424 71355 98227 66609 47031 81684 93193 43937 88724 38206 81386 30489 84895 58452 24018 94403 22720 84753 72557 42360 
45
26898 71775 94771 98989 74803 32709 39794 37252 37110 79620 55639 31101 53975 54107 50381 83935 78217 58140 36286 19720 91288 61225 78011 49427 80976 29192 87206 61454 96353 96810 28933 54946 35299 15734 88052 67928 12041 63909 16439 33521 39877 77225 10796 91450 23630 18057 79169 30138 63138 39393 47641 29693 26343 60109 81104 75746 78533 52120 88132 56157 93465 32351 10857 81315 77160 12238 91623 67475 28752 87387 12415 49293 10594 68551 91410 10488 10103 70281 45764 70159 18077 15773 48514 34429 37081 26266 98625 16463 66587 40975 
71
13469 96863 66484 45465 35180 98547 86356 32873 46256 76506 92563 25354 86671 49740 48521 29593 15818 14279 67964 33350 52053 84088 23070 72429 98241 90582 56772 90684 91708 52011 24103 59893 46134 16780 13932 41081 53457 65428 21447 85512 86121 73178 26084 52934 42190 15731 31214 42747 67235 94669 52388 29279 40611 89315 54593 35702 43537 26213 10774 46253 40625 51954 28906 82529 18524 75223 57201 67019 86105 40537 78718 63850 62185 95046 95994 94906 74744 43905 99774 12092 44469 92675 48957 75193 92571 90681 37383 65999 25244 83481 24703 42515 84716 78606 94168 56349 95372 75262 41136 71024 66772 31618 29441 88259 55050 64407 25055 83905 19324 22642 76818 25001 56186 46398 48396 15358 93113 82629 84836 24650 65040 80284 71742 74207 29502 68920 59079 85120 85507 72202 65535 98006 24429 11791 64995 65360 58645 24928 57948 21277 81777 13372 
15
50228 41067 93917 56005 11908 46973 51562 35497 94190 39176 10321 86650 90322 46901 19125 69062 59514 68533 78254 12888 70169 80617 95531 12347 18198 80039 86246 23950 51654 56329 
81
75474 98831 59855 66237 26402 85372 32007 56036 99052 45052 62373 37249 78671 26355 32276 72230 92735 49757 33901 89566 90824 24288 16956 79737 28879 39288 54063 99600 79256 29242 47900 39588 41393 32052 50257 85105 12298 76056 19107 66779 39689 11015 95249 18094 54291 24048 53678 48474 31237 57525 57130 76407 43665 73226 76620 72485 68401 83609 73432 40090 45273 72683 79789 96720 30956 84259 63515 87118 36641 68487 69122 73413 67063 64318 45707 88744 31957 85526 57581 65217 40053 32105 35616 18280 40579 98126 48600 33027 20610 87742 97509 19271 65009 63687 95320 73724 44998 28422 99183 36302 99794 45188 13184 98295 38788 75105 59989 82912 94325 80523 21958 74565 19967 27448 73866 74981 29665 52913 24017 47262 62053 44805 54878 56196 99773 69600 55701 86298 21097 27964 29147 49592 28010 36129 52391 53108 57765 43708 65579 68960 84616 22695 37251 29610 34902 42110 31766 59860 75187 83902 87001 51595 97403 89926 94334 76265 53036 55763 23821 76177 81024 93057 
71
37918 38711 64091 39451 92009 45721 51674 42332 50135 12321 53073 88678 99916 17747 45524 20465 39951 38869 61281 94949 52164 37630 13930 63480 14980 10591 13108 91732 19930 37823 89412 64509 93218 54102 49994 75321 69276 28328 88370 68749 72407 46915 27957 84807 13248 79737 67211 26821 76215 14431 55626 68616 21235 56044 37143 37558 89416 20731 96367 93062 42481 49617 85530 64527 15422 50143 69663 79539 27234 91919 50586 56833 37055 72456 87353 62285 24260 83546 94703 75713 12396 34362 61635 90035 81320 36869 65255 51324 12960 37779 33093 42947 70285 20435 69909 70882 96809 72198 90612 85441 48341 82549 72430 32972 13622 48262 96705 15523 75050 28922 53943 60503 20196 17080 93836 88948 35097 44202 63989 43598 37447 83303 26961 21293 11722 97433 58857 32402 25150 13233 22710 55683 85153 39650 16557 39631 39169 51443 30928 27209 22891 16721 
11
75967 55576 67431 68739 59654 40363 83449 93406 72207 92135 62050 46724 18084 89491 57463 49620 42046 40453 91935 18480 96438 31476 
77
33847 81960 48215 47351 45941 62671 43188 96188 92393 42968 85249 40393 74858 52966 17870 13092 18750 90766 94490 31985 24423 25310 44250 70383 43758 67061 39972 82180 24513 34503 40605 95275 85784 54031 63731 55474 70711 72115 12564 60827 77509 50623 13075 33313 58672 10824 59578 23307 59589 48989 12669 74711 13185 72628 69641 73585 31912 62838 89777 41293 92894 36495 71236 91581 81513 26561 16479 13202 28184 26334 60556 13676 32363 58990 87423 38919 77624 37173 57195 46077 99364 87892 11989 64127 96274 17031 29043 97875 80021 54584 79201 53711 40658 46036 99846 20012 59842 39757 41087 33457 24880 11706 99943 82020 59968 25081 19922 63618 51467 47672 98559 81602 54168 65520 71461 78370 73703 76220 43769 83448 74402 29833 88071 54928 66119 75982 11554 84496 95421 56784 36266 88255 90023 52967 94272 64999 43824 70123 51999 45808 91475 31946 59526 55317 72456 38302 89660 76300 41255 38573 65865 11427 64931 53218 
37
67384 60044 32953 59243 26705 76770 25141 52180 89931 42297 46633 61367 53810 88147 75370 27405 21617 34181 64987 52041 30772 33306 72814 23974 30565 72745 17431 11641 49318 95041 68806 97013 47716 15101 24721 44423 71802 86548 50276 86003 42476 48233 21706 48638 11175 90023 98702 47465 78028 14438 70058 57644 32325 83442 86537 47396 68364 68817 81287 40236 65551 32369 50375 41447 47035 39788 41273 58613 86739 46600 66223 63092 53821 94861 
7
51598 32652 55039 45349 96173 48528 99890 54968 29222 84166 73787 60389 92953 39918 
49
38076 97612 13582 76920 52027 69941 86729 31564 20421 81434 66519 15516 85933 12416 25879 38178 40650 89461 57403 62235 17370 69303 27019 14744 62468 73471 38593 16552 99304 99771 40104 12617 45639 97238 21391 85627 27791 36492 62409 65715 91320 82227 56311 93648 70766 49866 12109 49514 77722 34632 35084 66042 15355 61867 85733 92169 52146 76518 17873 58977 77900 82066 29909 42374 76345 19630 68563 40237 88223 49457 30010 64696 38717 72858 93410 66122 18930 37936 78823 82091 18344 58638 14591 96268 77045 59487 53589 92814 16860 34306 51358 81572 28455 81000 45420 98353 34972 60804 
29
41276 69256 41139 91010 31472 29703 34117 58037 17030 53179 11797 99530 71780 45931 89254 92485 43784 61633 28381 50944 70990 72482 71079 79177 83698 46390 47303 45992 61982 64791 11080 69311 92216 37676 22514 61813 73287 97054 12507 43579 81425 39135 95511 26165 55297 31474 47726 78776 90784 59300 56775 92635 91709 83038 84434 79164 78121 86539 
65
90062 26667 59812 10339 53396 10483 20905 94581 71820 56928 59314 44953 60575 25316 45843 47217 75594 73510 66927 94486 77857 69815 41886 46392 60986 90585 99583 12198 48966 54327 49460 95131 93549 50237 73306 84475 33058 53522 29082 86956 52457 57176 15107 47816 55773 63404 74022 26199 93183 65828 97873 49880 21576 30299 54390 17360 50153 54622 92586 81882 16811 66052 46798 67542 66303 47517 64545 56271 37821 31634 33818 97074 46812 30925 61402 35435 33458 97608 12246 50897 99442 98599 21319 66005 80235 23632 86411 79945 14695 86350 68866 33861 90537 81823 33870 84060 10211 70317 92616 84615 60937 49735 46012 71856 63281 30071 26176 97925 36314 41774 85747 26544 90509 15560 95744 22427 56131 19919 38700 93614 53317 23490 17640 11321 79017 73964 61700 76420 84848 91261 
43
26640 62754 69864 26324 46175 24321 70575 47697 24508 97367 59388 86852 51059 85460 37353 74745 86648 66660 35814 43881 31984 71504 40106 94294 24622 99059 97252 25830 62092 54882 63181 88149 28363 56126 95891 69887 67812 55999 51688 85190 72457 52238 45366 92164 10855 85413 79205 92533 53166 45355 16251 28809 29665 37648 86338 62071 10521 98918 34517 34020 56230 23672 73585 33423 15600 60609 82239 84289 96691 69314 22652 32997 77167 31853 27843 79653 76544 85979 35158 64393 15586 97706 74016 92062 53110 58921 
79
27711 15070 65525 25824 42954 76272 38465 96804 18081 84897 48861 85792 12879 22091 95513 52306 39644 56510 81337 58538 81139 57670 54481 82695 27633 85396 84211 87431 29670 11773 33542 51578 33886 39458 33864 54634 77934 99473 44607 63013 85082 19185 86443 92785 15854 28016 72752 93879 39113 13211 18797 86454 46801 27247 27015 30045 68105 11540 15578 38811 28753 19577 88463 62657 98272 51271 79444 24064 57469 30200 59561 97771 56703 91571 28533 88691 11736 55947 12263 15565 93412 30963 18216 40491 93962 59912 46974 89326 39855 44235 91148 18747 53264 89915 89731 94847 87125 13350 65464 98596 48426 69152 91815 86936 48156 89908 71032 14800 18621 52529 29092 64877 43269 16647 26528 30301 32937 89179 77722 19283 41412 35959 50801 38733 23125 92484 21226 32718 10381 37234 24307 50847 93104 91219 19481 32191 74917 13631 77436 85755 84373 26372 69346 12247 95278 25733 21867 49755 20206 77110 55832 90355 56295 88825 56346 51705 63643 21436 
49
34055 12338 47959 90698 39967 94365 24292 98209 77346 22851 61267 51753 41885 96987 13426 52980 35617 64361 12779 37888 58778 96883 98142 80519 46632 74876 60285 25502 26516 74773 88148 30973 51783 56539 73313 96915 76710 56344 44418 43209 63127 21428 86940 87576 49688 48299 30325 30040 15883 69819 39042 20766 43174 37585 37015 14996 62919 61273 71677 80045 52536 80273 36482 97831 20703 83727 33774 59345 70172 29075 89967 18756 12970 44161 41649 27211 41743 73601 40547 76904 71944 90589 21512 87694 93341 53068 75859 53981 57029 95518 44008 67913 64347 75890 25291 29703 64694 79469 
17
61898 34228 93334 41608 90745 90974 19154 33486 89319 38061 32500 76844 41105 20921 34986 75728 15115 46756 52031 59497 48725 19074 66066 96854 30625 61796 93846 39132 63012 52146 83244 89321 71075 61668 
31
75270 29370 44829 64240 83032 79941 86558 27084 83577 27475 81939 15331 73782 75261 87159 41541 22272 94336 98414 27939 39995 24694 64386 54396 58723 77487 87533 64685 60641 69189 88030 22884 39419 98186 63532 87725 43756 13597 43165 45364 16908 69514 31509 79121 61625 36066 70137 77569 14294 53917 95626 78839 10674 56996 37531 41415 74423 85488 48047 28982 21671 70937 
23
10676 18405 15277 97612 69825 74113 55581 51711 58137 49630 26792 43505 41778 85131 29511 45041 53520 41951 60358 14041 40851 91850 73015 53648 67803 74610 24788 89962 51533 32565 96872 15554 31755 19960 42557 19089 97178 17341 35089 12352 21326 65400 94793 84430 64982 79817 
27
73039 77638 66886 87085 32852 34848 46596 55853 25087 43486 60337 95609 50589 39901 81439 46561 90328 54029 18041 81139 31263 55217 28908 37338 24791 86130 26905 54591 56156 32731 39587 36939 31947 60312 83914 76200 35789 96191 31756 33157 21442 98371 81296 19859 59528 61290 87177 12675 80504 19426 46777 89315 58908 59197 
43
30877 96128 89630 95206 34194 63389 53774 55319 60937 82422 88225 79344 79605 46273 93210 70191 71900 48215 56521 37029 96293 88723 36501 61556 93680 62116 61210 72039 57506 40519 79677 12885 11094 29289 58230 81362 95941 84386 58139 13958 61348 24219 38566 99850 84280 60409 37655 33378 12757 88086 19972 45323 42982 50026 12793 67048 28245 27168 29234 26437 16337 22695 66402 69564 56775 82703 72850 22534 60428 18282 84291 80895 79587 77753 27333 74871 56843 54644 17357 64224 55036 71157 18700 11886 50709 90244 
