27
125
41028 28981 64818 61307 75401 54720 16038 95301 15550 26489 67460 40923 27391 32110 58869 90620 67404 76777 88866 91225 29836 64553 23345 43475 60927 89477 36717 15057 95016 73966 49291 66662 81064 75092 59169 74440 33163 93090 29711 55968 48386 42091 90649 72150 85724 84601 48190 46350 77332 32419 46621 63982 61878 55283 50086 36594 12181 31863 87536 80243 89540 55600 38964 57879 99707 95037 98929 80092 58487 34872 32999 40308 75049 92232 25122 74990 18967 33780 98959 13540 60180 34697 78788 90026 64516 89033 78868 67952 36628 67910 64416 29044 64854 84027 58509 31736 90078 86445 41930 48344 52242 91766 41499 15540 65099 57320 43635 83805 74341 84821 39336 19666 38115 68360 50165 24109 70945 43074 23999 22709 97300 69082 50566 36057 21266 54556 98487 37439 24581 17852 66543 52013 19921 67336 95819 92704 97184 52592 17353 87662 61970 26212 25922 85628 86458 58677 14716 28195 43832 17821 75203 50440 97221 84533 78122 73805 15672 51857 41412 79026 26646 99081 93698 37617 77051 58412 49419 89119 94584 38607 97302 72763 75005 33331 48222 19294 86850 13213 95872 92560 27463 20372 11118 18766 42131 86849 68241 61304 78565 81092 85111 71160 49916 18328 80071 67446 18200 16769 18481 41465 42029 25550 74313 14518 83373 84089 45620 60970 54872 90203 21006 45309 60544 69722 20937 28045 61267 43487 16739 40516 22368 16447 11419 33725 16991 91748 19177 93126 97413 53928 23338 27963 23196 17344 43341 73951 94637 20898 24837 27952 34668 11900 64715 44026 27766 82671 15027 79985 38252 68096 
171
46584 10508 51203 33621 75895 13957 36051 34273 85807 18817 18645 91682 22631 86353 16954 30693 85458 14185 36426 62896 36358 74506 71156 52110 45895 51428 71603 53559 60909 32418 87816 35699 95787 25889 44701 16008 85900 68068 41001 84037 44734 84713 22372 34875 11824 18098 85533 69125 25389 12423 69976 68517 12259 98332 69885 34056 53330 39149 13853 15133 94997 19254 25428 52372 98691 37580 83451 70115 12773 68611 19506 95233 76848 55299 36295 39641 23339 54048 53094 98563 13481 89518 28845 17956 64408 25506 73804 56995 11726 14915 10291 51721 59995 74814 31218 20889 97229 54149 76345 65829 72014 55925 18577 67999 53496 12498 60054 79779 55446 25615 89489 52312 53593 92578 75131 29266 14410 58025 34693 72774 86691 72129 98638 63054 20992 23035 20483 91401 32196 32600 86412 29828 67524 34646 49192 60155 41185 22437 27031 13495 96350 82890 73541 41105 41719 33138 20667 19840 20555 32387 99015 49770 15814 93446 71179 32496 97698 39624 57233 74543 75959 55067 87562 37229 77592 96763 73399 85301 80587 56031 95287 65425 25503 38383 79917 79966 46745 20100 81780 12220 27589 66601 15303 10011 58957 61797 42079 22955 15981 11127 30023 88597 85779 47447 89303 24913 55112 20954 13990 74452 83289 11411 15378 19141 60252 27597 45091 49933 50590 97540 71079 52772 95594 27524 54895 59539 62765 28100 29162 81166 82449 73480 63861 11446 76431 78507 78917 66155 67454 21145 80518 78113 35598 67739 48402 24061 31619 77244 78077 33116 54702 18293 20014 10655 94376 40014 99910 15866 15312 30750 11642 58538 39783 32736 99554 43852 99553 85398 30749 94773 76018 70853 20625 39092 65982 89012 91496 38884 95427 78054 66355 75352 60232 27000 60276 76048 99593 58417 92707 58114 40771 84853 18550 96493 59302 32165 55021 97685 91125 21609 29701 10201 63703 14036 88981 47572 72122 60555 13804 91421 80845 92383 88415 72924 31322 52823 91317 70683 16229 24808 93621 68180 38884 10026 48741 30250 90103 69940 62494 43012 96649 21044 53323 19115 33293 57131 42756 24855 22453 68490 57022 77174 49710 41468 25301 42509 79943 43348 18102 53027 64709 35251 
127
81751 20829 39222 98314 97164 24869 75902 40186 27423 36438 66493 74215 74233 41469 83249 34566 50078 30163 85215 62347 80822 88353 30813 45459 72754 77441 84541 28061 38127 45898 33302 83195 52335 55676 87750 49901 32991 74356 62969 41460 65966 68565 77540 60705 76677 61165 24804 25721 53117 74668 68715 18329 73513 12796 43576 70985 75998 39462 23934 36378 99537 37860 15311 84064 14258 42524 55926 10502 76423 13607 79213 36981 34775 25499 86061 97223 90894 66875 18507 80563 94373 12031 85165 10700 73222 58061 77010 78497 97927 77049 32030 45799 75709 33123 12278 85596 13410 56949 41115 31341 88223 50890 21670 79364 99040 25899 11268 51579 79073 29865 86837 95039 93055 66834 33785 51026 69164 44948 76633 35658 32042 36892 43858 35399 33570 68800 17834 84665 18184 47665 41760 46368 53720 49039 85547 60576 43648 12247 74008 84938 28937 98465 44647 76423 10549 20558 33287 62769 32953 97292 82864 45992 53554 28493 51564 63179 62836 84925 26090 94462 39874 13656 88628 60971 49362 92148 89092 21813 17659 82696 56000 73762 13906 51074 49023 64404 93030 78096 91902 48989 94064 68676 34408 28831 39532 60487 94804 82721 20306 63599 23366 84260 96597 29043 66705 65100 20615 85457 81100 31239 12997 74863 35643 89407 60690 28092 35292 55633 23837 40557 32179 10782 65010 66681 40078 52541 37057 46231 88215 49008 97940 71794 37458 31224 61956 57518 36518 13228 23421 76521 73064 52787 73866 14950 77936 93847 41238 47400 11939 62160 94244 57303 15028 13353 57008 28470 82815 15781 65756 15887 58175 22616 36645 91764 
31
40070 97857 29223 62291 33186 77329 40811 34429 18978 82232 30104 33423 80958 73399 57361 85467 23945 25006 47803 67218 63975 62958 55255 48479 90696 20769 58975 53877 71126 23087 59744 59061 36617 84820 79049 82163 14321 80516 93082 12281 31297 18426 27341 78471 16119 16636 59811 39814 78717 76093 15732 47873 64420 87822 70217 75486 40934 70890 18764 93669 51023 29269 
41
18390 25707 65326 90496 55935 68589 42322 23602 26840 20181 29946 12184 23120 15990 28966 53402 39218 62435 40909 53236 49999 64847 84849 52120 49479 73519 13254 40655 21005 88227 69939 13366 41761 21345 14255 97535 59603 46563 93988 17406 73599 14474 52221 32109 98479 19287 56022 33528 55705 17197 90086 81541 59637 44790 27805 98160 84273 60071 12087 62123 22288 75938 17415 25712 70058 12103 96928 62534 17536 45553 77236 67148 85820 27236 11706 70894 45274 47737 23720 83667 40343 86236 
165
34862 22145 80902 62148 67638 66623 18630 22852 68614 99052 10068 75537 44038 41708 16085 46867 13615 27758 70033 82203 25506 26169 40546 87099 52882 66047 30814 99003 90981 34711 59283 50625 34080 38740 24787 44547 44086 92517 79842 58476 13799 97260 10694 86830 55983 60509 93975 27187 68945 10179 28455 61357 87036 18214 90516 76455 94500 30060 55047 36278 47794 60409 23528 94130 73838 21488 62908 12111 76781 13785 66064 67254 94351 68188 46389 76889 71845 99612 16678 19166 13453 51454 75455 94577 25679 74354 53063 36034 73014 31112 15817 12022 30375 61113 86560 89524 72080 57999 60548 52197 45754 61788 62416 53839 15730 66936 86525 70023 32401 25476 42580 10547 37201 17781 46625 19992 53292 84589 80169 57005 58113 87641 36189 59060 61939 51658 52631 23983 13856 22120 98208 54808 83130 53052 66976 23328 19974 95055 46668 63200 48872 28296 51666 89789 16579 89317 94319 50348 12683 66048 37424 11187 58911 40246 19019 36491 49527 65983 37491 32868 66838 10692 48327 26267 79671 18119 24557 18269 16801 20805 58500 66278 74706 62752 16563 58267 26315 16120 70234 81410 38890 13724 59032 54229 54730 74596 35938 36003 92551 54452 84666 14656 75256 45951 43578 23411 68560 48315 89707 33182 64653 61339 42708 77425 12545 40307 24720 86952 60802 57058 45170 18280 70927 17522 13963 11791 60792 45550 87544 39888 76438 31145 94339 69913 26741 64542 90012 56627 80503 15682 10559 17291 99830 17530 65080 82783 81341 61517 41459 65769 45343 42974 37205 51480 51765 58575 22314 75962 66651 34791 96579 67589 89084 59780 87468 63109 13435 76442 35714 48095 58905 14762 54410 90728 26757 75051 44736 85079 45819 21556 60138 94749 17238 82641 52845 43221 97164 61206 59741 36552 74179 64215 32636 34531 43755 36431 68944 80698 11335 75008 30344 84335 59568 51304 19072 45524 40211 52528 97960 54448 25809 62258 23253 74757 16562 82885 63922 51353 84153 88933 19431 76070 32343 67731 29999 72056 59247 90479 19181 35900 62923 60141 24797 90597 62347 80473 75130 17377 46308 63184 
167
21939 35985 65758 79132 65582 18670 55454 72516 40593 67676 98294 36046 34615 79972 25149 41332 26366 49920 85872 42435 69470 63802 28003 10755 77611 70757 85292 67064 23153 13161 96637 86274 32411 53560 87964 52639 99939 72381 77347 28071 29454 86840 62417 52516 13100 69131 51913 63889 65864 49995 15722 62821 28167 23274 86621 85071 64590 62858 73363 65436 43132 96511 15075 75535 76481 81807 83129 21267 46626 55063 61348 77580 74405 51211 17863 13733 37556 79609 35175 44896 39858 80809 81223 36406 23000 21940 66045 63019 67476 61930 47501 14314 74080 58785 14987 59805 52767 95138 14032 53249 74459 13126 74329 48319 91541 72413 69117 55860 70819 38010 41769 74017 72107 86672 23217 76143 15983 93154 31622 38474 75039 51709 49783 38509 46527 31729 31881 91324 64247 91598 69402 54979 90965 14566 57872 93348 68855 59268 74950 77589 36208 59500 25742 28840 78270 45955 12650 59389 82534 24131 63505 55511 26311 22297 73712 52660 54242 77466 45169 76747 11090 39139 62866 29353 69136 69429 16647 17099 93897 91477 64318 65436 12900 70139 11403 71992 86064 83212 64201 48754 21734 40747 23631 64017 89922 87151 58632 50463 36029 77071 73207 96783 49649 60339 88551 28621 98794 12136 89731 73278 10791 69435 23970 70552 66434 23206 58189 78521 14440 81188 67990 64550 16604 40026 67171 21328 43978 77150 99731 87492 47805 28682 59010 48615 17149 44937 66241 34219 26442 92739 19084 79184 36197 96546 17465 68420 77689 60128 73149 62719 99955 49147 61383 94842 32181 92079 61192 14441 15839 89011 83392 87695 91626 12389 70388 49615 92433 80862 94206 21833 39951 15214 75638 77865 56444 18102 91521 85731 75120 35725 97991 29719 85517 33914 33053 52081 33372 61128 21633 64692 91356 41005 30578 40205 31053 60648 21102 31383 16830 60817 85090 41586 29685 34915 77917 37158 61805 38499 38131 62145 22968 32801 32332 39640 39758 67970 44143 58921 24399 13819 69478 95954 45768 97824 56537 61369 11907 18740 24352 98571 31404 57480 74649 24774 27468 84203 86400 13503 19403 82138 71708 76786 44800 20176 
41
34252 68923 92088 25475 23706 36166 66215 61137 49203 21384 36663 19441 65021 32866 56082 98696 15567 30304 29198 77270 28097 42516 66565 33817 57362 37417 42401 73474 48973 74543 62530 88117 74333 24479 93235 38154 14641 75254 15764 20558 16626 46357 32544 11649 57881 43122 99490 55605 56701 68162 86233 84619 65241 52857 84903 46943 55585 20305 34981 82592 56048 95155 95772 24342 52703 75494 51335 51692 52349 83993 37175 90611 65222 40533 60358 66150 91820 22968 56039 56457 11753 55511 
179
96075 59365 58274 37660 61740 63005 38972 35541 74429 34421 76028 42130 24031 61016 47247 54959 92351 28439 11710 30575 34943 89397 21079 71033 68258 61409 45616 31257 44867 75010 48082 20858 12617 31906 62672 51231 12805 26912 12453 50127 34265 93909 17615 53021 77099 87648 92174 97417 75222 37101 90476 91023 81728 79336 16505 65620 45904 76178 70903 44227 39076 52019 39585 71739 72214 83798 92947 10862 79528 69627 40729 27241 36347 90914 88793 63122 96207 44810 95743 50525 34345 50047 80205 77525 52867 61130 26793 31747 92432 13817 45892 78090 96132 12852 57104 87158 77034 27122 80679 35407 79915 22935 88526 85698 18712 97587 17972 49511 91794 66781 46527 26982 20141 86304 68798 74469 57534 28008 71664 31644 48088 34199 45276 36089 56925 62811 86254 25390 65222 91995 48220 22493 65409 45843 72083 49957 26776 99041 14926 32011 87677 67506 61312 80487 51643 13468 62834 68753 47213 32726 22484 86563 91908 33005 51387 17746 23684 86178 81007 74977 95363 49433 99753 57969 88513 68011 56160 61452 97675 96640 35621 95876 23958 26302 38994 52184 60824 98805 63791 38289 73190 90254 77506 35466 11307 56909 92006 26425 37224 18144 50655 96083 86523 73738 22017 93260 46989 63094 22144 55674 21017 26859 57778 17005 19879 74902 39383 83804 80653 86191 46814 86005 41785 57967 50558 23230 34438 39594 67850 50326 29494 14067 75444 60399 49688 61962 90911 76466 10751 75764 33280 36019 11028 63598 63014 85510 97020 51059 20011 80531 88421 40880 65859 83410 12849 64686 25899 35066 62149 98815 17177 25585 43858 54138 83561 19577 15069 13231 73479 51396 99090 33578 26405 76163 18154 89322 86879 78120 61093 49356 86490 25328 49754 55011 91275 40185 39340 25192 97105 32619 95589 29279 33613 55849 85436 31760 91247 25741 97716 32890 85961 32239 78097 57555 53546 39135 95714 71437 80070 24693 76167 46803 59937 36898 83641 63558 86220 62561 80073 87528 26769 93310 99203 71690 51625 90119 43043 95819 87339 88640 63894 67538 32443 80460 71058 71275 52468 44584 18589 47229 41859 36649 56938 11618 83015 72196 69515 75437 27269 85526 52380 44470 71230 21113 35294 16957 61177 53985 13412 56629 66109 29685 59498 30875 77908 25687 82796 14141 
139
25043 26687 36949 82294 83480 83464 95862 60387 89016 54591 33396 71235 25615 28045 45108 83486 97996 59744 63057 64938 51777 77015 59173 21922 25160 52227 17272 41165 40342 45102 97192 92721 50717 30080 56669 65749 87184 40345 62799 59613 71613 22867 87669 72425 69540 91995 73846 62580 42575 69095 44716 47451 82894 45198 37354 28297 47635 65453 27086 43709 84124 95116 50936 79973 70047 72415 94192 85088 40403 42457 25801 97430 31064 28229 99393 58170 93768 45781 76832 41769 47128 92379 58390 48238 72123 95053 76886 71098 11343 82001 49547 29043 31071 62385 46565 68704 23907 33615 99240 56816 45873 39631 61880 43591 45317 94904 51691 46597 94447 63489 76555 93554 71633 84585 38854 20808 73374 74794 83038 40370 29706 58861 66661 13214 91856 54279 46453 67295 87730 34797 53415 16034 73434 15044 70261 88529 87749 76144 15812 14643 37867 24505 99658 32651 74177 99068 43575 95897 28994 35706 79808 88233 48585 73464 23559 97864 36852 91911 35433 66680 22500 17378 40459 76441 13330 87404 21043 61368 32527 63170 21972 23642 44527 32104 48456 72190 76502 37465 29224 77286 55300 22135 92435 17400 61358 88152 90566 23035 93695 26264 55330 71135 76249 91448 47230 15605 44068 47549 53983 79686 88562 16662 53021 55515 84905 60404 36241 75507 98201 95423 86569 36086 77219 51381 10769 40767 37803 40705 86116 17085 93952 51357 42974 64963 15452 42104 89119 75696 60508 67484 80061 14216 74404 52343 32180 84256 98372 34776 86148 24889 31580 97566 99035 13411 30175 34747 63579 79554 98538 89344 61094 96706 92853 44934 60960 46307 38726 27684 78482 93473 32971 63779 43969 81297 87421 80003 32183 56119 66415 38521 48975 46480 94485 45820 42871 41609 94153 85879 
145
11605 34848 48991 83946 37028 25319 28594 12554 94240 56568 41767 87301 16206 76435 40054 83349 16256 14535 50599 84575 11450 63154 98747 16638 49722 17913 94133 89071 54604 74326 21930 94038 31590 47732 19787 90313 62805 13083 38195 57770 41729 10634 16356 94064 87833 89018 31095 29329 28688 26369 61976 58167 68094 29534 45672 73852 45984 64670 60541 40406 97516 20034 30106 48830 57484 53191 17110 80349 21495 91045 84550 75203 36006 34427 55649 18169 76288 91270 22166 75382 59248 70387 55809 91243 69421 18315 51317 86033 51642 98835 29515 16994 88597 10650 72875 65089 81392 50276 36261 38363 31222 79801 31039 31978 41260 93950 45428 97299 89714 48540 63364 66384 47333 23042 51685 18809 14696 94201 80161 63611 14124 88236 50296 18440 50378 55204 39866 47784 32010 43342 98871 65818 44825 85866 90952 99669 72501 37086 48214 11760 48388 26721 54376 45021 64287 55764 88527 43227 28429 86711 38581 14475 31587 17552 72090 15302 62758 99649 81989 46867 13833 44542 58552 37165 15006 46283 88597 19966 89005 43677 87579 85639 34775 91367 24653 64180 36946 74182 40822 80173 58552 36814 10489 11112 89266 56662 76823 20733 56090 26827 70605 29439 37910 53304 37398 82586 27960 20498 78201 66690 49648 75528 57392 66783 27501 71261 40426 37406 25249 73435 83593 45590 21059 41097 74580 96664 40833 96226 70262 64507 67515 62539 80757 20312 64962 90134 22638 32179 91166 91179 69095 73597 88482 85243 33172 41972 51130 49738 42191 83299 76069 21733 85538 40778 46095 69235 86659 90446 31767 40893 64133 51379 74940 30568 96196 64863 85136 17704 88612 16811 91495 53988 97906 47309 48020 33698 57347 34173 46712 62586 71174 59742 13399 58690 22869 21871 61249 33824 42143 10977 16809 17858 46602 95084 44488 12018 72137 69133 77551 34610 
45
95460 84943 63053 38614 70481 51312 83249 28883 22713 88130 61476 20868 35102 39993 67517 27432 64252 70618 92439 52376 82615 90842 41303 65165 36584 91077 31322 27687 31728 22736 50360 24583 94614 75676 53111 81967 72494 55636 31001 34919 82172 50337 56015 57253 86224 19494 99878 97858 13197 33251 20703 29832 42079 39846 55225 24303 83097 79128 93619 74716 64860 67868 93665 73037 62057 20158 95795 86582 80895 80133 62863 59909 73137 34484 96098 39703 99591 68607 72424 86289 59016 93986 53727 10749 80853 65049 73418 65117 14702 63763 
129
52631 13696 42101 47313 49122 14313 51113 27075 87271 23078 96861 45933 37379 66248 40862 57147 78571 46340 43118 90488 61694 79952 53477 40774 35182 21893 79651 76558 40120 52554 49687 58199 39134 51509 75774 31310 33604 36272 18678 20288 86292 33192 85794 72833 67948 98504 79288 36144 54402 48109 30869 90797 90633 33675 80438 18384 77470 99375 98664 81728 77394 94341 51356 24497 66389 81426 55584 63335 27160 69998 54432 14654 57188 33915 67565 97865 39621 78783 20046 50205 39686 36032 11747 95169 61462 88236 13780 48662 70307 11650 66289 24078 85379 83379 14756 87335 29496 55047 12344 20499 63442 91087 42906 80559 55574 19847 49406 93706 34958 48130 95849 59631 60842 55571 15530 31709 87021 13659 94871 31585 51317 24699 32370 79000 44355 16137 80338 69402 16413 29139 95125 35363 92824 29630 20471 38058 32026 99156 59532 93955 81723 64019 69663 42659 37044 24506 92364 44045 18382 64246 34117 52862 23443 74577 82552 21779 33888 54065 50808 17841 21653 28675 28308 30872 47651 47355 26342 43195 35268 48087 64693 61842 21708 95088 20058 29624 70196 91957 96090 86538 31778 46461 81963 19047 69030 37360 72725 89689 65669 41183 15397 53436 56946 50416 41766 99533 83457 17933 15456 39751 28135 46612 96236 85220 81226 40690 65322 83116 41921 28615 35568 67757 75029 45426 98798 23232 93301 93845 25997 62351 39871 46362 90253 84296 46977 81814 51243 22405 47489 84445 61785 96668 22806 66826 14762 92780 27829 95108 36006 91847 47901 73777 98209 24850 94139 90669 17185 56239 51561 15614 54972 80574 11687 37526 73368 29432 85474 44240 
109
34713 32396 26789 52301 87280 40742 30251 45339 68319 28985 66830 19113 11776 76999 16394 96845 36543 89345 65939 26257 76923 32257 26718 65684 35559 57196 99703 45161 26193 39163 99553 19332 36879 71357 41721 88853 48682 55461 96056 95017 12683 87015 60772 34431 72945 80610 17645 83119 35580 88976 51522 26225 58834 14991 17667 13241 49944 16813 29792 70042 11034 54806 58563 69339 68490 79734 32508 75503 74233 21576 73343 20201 48269 42905 82865 77807 41613 28773 47889 53163 21640 50435 77279 74267 42355 97911 51281 95319 61263 77941 60745 79171 94159 17745 67907 78928 30410 50935 59581 57939 82718 80430 93137 19146 33166 97383 30658 66945 25317 78540 88200 85478 43433 33043 22555 82598 65904 45563 79451 17426 53668 54198 58018 42819 24143 38641 56243 52245 33216 41088 20524 17065 89256 89431 88973 94559 27326 76529 55531 30507 11587 72709 14485 83046 74896 99644 67701 47740 18057 90848 24405 86592 58873 66124 56580 53115 88962 17030 10004 97944 79478 40181 91485 99356 15641 61527 27773 65917 83201 85313 82488 12667 15850 85962 18393 33641 58376 60174 38118 76928 33299 54373 15467 60408 63545 67600 54552 87537 36469 97487 19568 45755 68924 41827 46097 52390 17490 71552 82742 22250 98338 50010 92659 26212 99498 75219 40348 61239 73831 98064 61424 58071 50186 30659 26042 61183 29824 30577 
39
61557 49544 51028 72454 32575 19261 68205 17499 15307 58954 53830 45886 37057 64527 74182 47893 31246 48192 35414 40936 59756 81590 11728 68656 76787 31320 54310 20881 73467 47850 81829 94683 27094 92216 43545 11775 33516 30904 55568 45268 34357 28750 24870 47020 28277 59261 14955 99066 68058 15412 44440 64954 23694 87782 75425 94192 87087 56306 37886 52533 14571 16447 81344 11126 18856 47521 48651 56035 36620 37492 39182 21397 76733 52530 92711 60236 83656 92540 
13
11386 94394 59688 21411 52201 30573 81244 18575 78419 87399 33060 32747 77897 77014 40768 13977 32450 59102 78904 96077 87368 52283 97431 86402 78288 29923 
13
75268 57302 78553 91915 93260 41424 50432 27384 41474 13048 84153 64584 60191 56319 98665 23699 77895 84871 51843 35264 50743 44820 90717 93860 26789 83085 
155
65829 42494 37881 37323 75732 96732 73446 91785 71005 71369 43866 63490 17790 10535 87626 81352 30055 19189 20110 87241 81245 25362 77884 26847 56861 54813 93162 10467 96461 26687 10568 17160 94925 36005 59709 44609 59978 90536 63731 52539 40545 52336 85444 56853 59939 80149 59530 40834 74678 25330 28590 76658 87640 94442 80548 25834 45725 58998 65334 78864 96080 14924 22599 82150 49032 31496 97437 87584 56078 86770 44322 36364 12056 35793 75795 81108 64987 58744 75305 58558 23877 11440 17535 23318 52635 71613 96466 37511 13331 33315 96507 71173 99680 84804 25531 23361 81566 19704 40731 89063 69117 59028 31231 10342 66185 46765 49918 93351 44944 18413 23156 48156 54798 29210 40482 56529 13924 23437 65770 79669 39367 69777 89975 73888 11703 90113 56819 96310 63211 65752 79218 82731 55025 67109 49305 75282 53779 34245 96029 50088 11218 55610 13189 37320 58137 92327 15209 41058 53954 35605 74848 95908 69152 60585 40558 48581 82708 99638 82830 40434 44491 92433 50370 50890 92008 48476 74892 18955 88175 75940 96681 16105 14851 14262 85937 57742 74571 48041 65935 70624 56203 18119 68625 85464 65777 67400 27821 55813 91409 96616 57266 69400 40697 10509 19581 51437 32800 24647 53558 13295 91448 26832 17608 99608 42565 19036 50587 45660 78343 97811 18454 51804 71864 42948 69897 81025 37337 93513 42318 54439 86510 64050 64454 56371 94867 47703 96930 62058 26841 15862 60486 28268 55271 15600 23324 32548 65609 62825 72368 69265 10468 54467 77560 85814 77768 40260 31956 84348 80890 52750 11142 76776 49938 56049 19152 90341 27083 55293 37317 26530 73817 83512 86526 20279 62422 20148 32024 15255 84579 80315 32602 12262 95783 29665 29445 63925 79414 43760 84431 88186 81870 88122 24978 51313 85513 43590 84649 51837 55571 70346 25542 55927 54489 71767 95509 40406 51591 48540 17462 63303 80794 68173 56475 24281 43695 26840 72435 86082 83734 61888 
5
11837 97163 89290 28440 31760 59564 12459 94409 74768 48952 
111
61448 44618 13075 30712 94142 63272 94550 52435 87915 31835 81576 79344 52735 71075 64011 24153 77832 84649 56801 97959 56076 92785 47966 46944 65915 61474 15210 55941 33893 77544 91267 77641 44224 33174 38002 21197 47502 79853 66864 60260 43177 84370 21625 23762 95955 62596 37106 66201 86834 31136 72899 13668 19692 86774 83568 40583 95764 32577 32725 55742 86987 17273 53021 44733 36531 71000 72122 41740 36700 76292 72344 59315 73508 92100 37281 90638 50505 84363 60713 51627 10294 55857 74808 97848 14621 29860 91625 31585 38952 71017 60852 27495 17877 14942 99613 37480 31506 37332 76102 60152 89972 30863 48855 49926 70513 64749 39166 72353 14051 82429 51814 25902 21906 60903 81540 53094 42418 49013 36701 21042 42960 71501 11613 20954 16787 38504 67816 14415 46058 88952 48510 99261 76929 16716 69807 14306 96770 94398 29511 75102 99517 39389 46700 72396 38618 87339 32841 13110 25161 60289 87951 49774 72613 24118 90898 11293 64857 66705 72087 29644 29020 12048 82560 17119 50957 22545 65276 55490 42689 59971 95499 43165 99403 17785 94719 96302 41103 18019 73902 43692 21886 49306 61434 74249 78310 96083 80778 79348 31274 51423 52053 14919 17671 64874 90302 10571 45436 74041 77846 49282 13281 18312 46094 88938 28715 22853 44436 82179 79693 42908 65411 32767 65245 43424 57699 50791 76903 99798 87598 20634 38441 93422 
79
92051 65724 40151 64331 39657 66551 36689 49468 41901 34874 76461 43844 19802 93586 83350 16265 53937 10431 33002 66646 65695 80196 44087 20338 49156 56762 95457 98382 88857 54886 98122 35047 79421 12434 72552 32330 89317 13286 94164 90059 15792 33808 92871 49665 23242 72557 23868 73882 48135 13253 70760 84250 26623 82092 92535 15293 77275 85641 50570 22059 36181 45019 19546 75512 12173 40350 24512 29094 16069 55827 60500 95258 85050 20808 88802 19746 15799 15120 29956 42050 69760 84784 26357 41289 38409 10748 40461 82265 19322 62017 59144 57006 47939 53564 32402 25617 49511 45788 46853 55917 79623 13792 85993 16392 61464 60669 57910 49865 31105 79806 43169 30523 77055 88561 71553 20655 27036 98761 37961 99143 98055 61194 14572 28870 79656 50434 92712 89199 61248 21590 26792 79207 48459 82028 59381 87769 67138 38698 52854 97005 46533 45750 33934 67841 13603 85216 92554 33443 72560 52115 89929 41081 73207 67364 23117 59709 88311 31839 
25
42311 76065 14751 32656 30786 86873 44319 85798 72934 70607 27763 51783 47005 21285 92282 50678 69138 67378 70237 92321 50843 84120 52617 49310 52326 75849 79514 83424 74637 27857 15971 21776 21598 27482 27466 25580 78688 93280 81671 59482 94018 34154 26832 92835 13225 42489 17424 75250 15933 43998 
69
57124 75481 16036 86103 59416 51704 70581 83118 15850 20499 11685 95542 67207 69451 23014 99314 34298 44898 30661 31047 89509 16277 95562 21361 69518 14920 67286 51303 41193 46888 86134 21379 21703 21521 99948 34187 11295 77886 70529 85808 17614 12065 85809 56894 89458 29276 61570 94384 76322 87207 94695 83964 72263 62961 96265 79291 99002 10676 80859 83809 33109 61435 28053 84224 36906 48057 39117 63663 38606 69644 56871 85590 10539 46687 94796 36613 90963 27731 26283 87236 72758 28482 47207 14052 45734 65044 43681 26961 71212 30724 72778 92908 94171 10989 34335 53492 59729 96625 60386 46597 97011 70956 13220 45879 54879 41778 78513 79085 29439 77374 69875 49431 85752 28355 96928 87386 82229 47901 79877 73844 75599 36677 74239 22197 32017 28965 67604 72513 53275 79883 91094 59673 79932 88345 49691 75514 16960 45190 
149
40649 39008 75186 93148 77628 28789 79809 59783 13237 90875 37433 71288 78886 12031 17655 97548 91480 86630 56551 47854 42659 38178 83147 34456 68662 62756 72761 13781 93928 63881 78465 18837 60118 40809 59494 58829 72683 67754 33992 46286 39183 89934 42726 22603 32755 27210 56681 77728 33745 44777 15535 93910 76584 33651 43798 59864 45264 16015 24278 38270 95019 38826 12026 42024 73342 91586 41997 16999 31781 82971 11223 13490 61912 70544 75240 86159 81448 51661 11388 21656 99177 42630 98490 22582 19556 72450 80177 35251 17383 34122 86441 10910 71230 70159 97205 65868 18472 22023 66993 43402 23532 79555 93798 72219 54111 45063 90210 46396 12369 71519 84073 78178 44793 85752 11907 30369 48647 48938 13950 62129 84216 20002 73789 13455 93952 88580 32780 63967 48554 24423 10200 72995 30046 76766 13852 60506 30735 55488 81510 82757 15072 73146 90254 89153 16792 12921 83628 72289 57816 61711 21637 64242 39305 83801 27637 48622 58285 92940 75063 47527 17243 15391 92445 68667 66839 58811 91106 43621 59749 15997 25638 88002 89566 72888 86097 87019 44727 62256 73834 42958 17950 42983 90982 48051 15577 43143 80410 12708 47489 35009 53897 11769 62293 50958 55049 33496 45476 69090 63307 22184 91591 74810 81948 34853 94671 96926 60424 85617 69391 13667 72834 10740 50755 32892 20854 68071 73771 58112 53884 71088 84951 97506 65639 83072 54609 85996 94435 46201 85105 46766 44408 45682 97509 43832 42831 16421 61515 42649 65541 58385 84268 97231 27384 10268 49096 36774 28117 79069 49703 14044 96118 41723 80657 74794 54883 13671 43501 63828 66812 21719 95179 89967 71684 41515 67609 65129 26845 12953 72076 49471 87039 61799 43081 94923 37323 47323 61615 82965 77267 51306 80935 36447 18737 12249 73423 37925 24340 66100 24285 29748 62903 42773 24759 38073 78018 92492 69692 30939 
121
71539 87226 39602 77051 21506 11929 15921 73354 63189 76763 73723 19213 26675 97656 40773 79645 60144 60761 66263 33550 47595 15306 71051 98227 58040 43061 25304 81420 65575 28300 19768 77964 79556 20240 11648 40565 55309 97929 64785 20534 36277 41817 89755 34427 41937 90839 13928 70509 99966 38786 71451 37171 34119 90548 33545 53046 45173 56233 82028 94836 52846 32688 74503 31200 81344 67474 21511 47808 32285 30893 38673 91837 43238 23731 74853 42632 16754 41107 97109 94251 48018 49009 97415 54399 59739 11621 99751 52101 68337 63314 66114 29808 91052 32765 53244 76039 27148 57376 46508 31412 13944 65587 47941 10032 50763 35748 28551 98281 20159 64661 20369 24319 50472 80208 90198 62571 16758 50802 30836 37919 66542 65651 55445 92436 54820 18030 25627 98529 10092 19814 85970 47979 65023 72913 35362 99075 11921 50301 33503 39632 21114 28709 28615 18707 64292 34818 32226 17693 46115 54037 65294 35835 43471 35909 72363 94329 79614 54722 24173 54640 23748 10318 10378 98731 66200 11109 22612 27825 13523 82254 13862 25423 37571 48084 82934 33377 60739 95297 72076 11260 51564 26435 85334 85740 56032 52693 34602 89702 69007 23365 53168 34346 41208 70756 87688 21847 88554 94523 31602 81852 23949 17964 41474 31778 64661 20413 77031 71049 88956 12478 70767 69078 46380 69427 85950 10983 72551 49600 34533 55360 67580 57458 98733 46799 98357 22713 96943 59016 92601 74169 61696 66584 99369 86506 54200 15809 65048 43263 68561 68037 17576 48967 
117
38514 47607 63091 61346 54196 36552 43048 85298 69007 33500 98721 94145 59811 16942 88733 88591 67104 29103 15041 47998 22984 24431 70092 80052 32160 17480 78304 21703 22676 86222 58344 52642 79118 11893 92018 86260 27505 65013 31914 64716 49272 65193 99244 65882 45200 53628 61938 30281 65945 37136 92471 67097 85940 37007 17471 38378 69119 70671 92032 88980 25667 53587 55724 16330 13581 31595 81598 25138 74966 98199 99772 62713 69368 72478 84988 94968 18025 38107 57490 36253 63369 17919 22310 19712 79997 19710 33941 34917 64246 19695 71472 50932 57298 32394 39174 12568 16610 47644 35751 82509 44986 48195 69555 24912 69780 83842 25662 61924 40933 33630 49778 28005 39569 53689 48320 45135 97861 90688 56508 41710 50818 84863 82528 13152 22240 49274 11820 76646 98035 12728 64586 47749 80901 38370 53618 22338 76687 27227 42314 16008 29521 27224 73444 93043 42950 82052 41964 55940 77165 72233 38439 96201 94935 11907 63966 56664 86859 89508 29463 40590 87802 84458 24856 83232 15341 72196 83920 21061 38131 17197 80239 38572 47465 10796 28171 71899 43616 98774 52025 23178 28257 96568 89007 67795 33275 11190 62640 95732 17268 15254 23116 32989 31692 61337 80601 33643 66601 91410 69906 61899 60664 44499 87992 63132 66550 11388 47768 11156 71788 65591 96585 99236 18077 18105 22272 75994 57656 12411 82080 77886 68425 38230 50159 21471 25884 18623 93125 87956 76895 64164 34486 82159 44587 33151 
131
44046 12155 26675 67738 64726 76905 72936 67033 58718 69165 57162 88840 50309 50419 93091 69456 85890 84799 86276 33351 87401 53068 95229 94642 81813 10351 13427 90053 14196 66325 38804 28536 76103 77503 28246 16885 13512 95103 93582 73099 73482 72958 21599 98772 44740 30295 37126 22071 13755 68417 36763 80062 79347 26408 74741 28132 84137 63717 60658 43609 53240 99985 92033 81599 94764 49224 22101 14563 42202 76908 12971 39088 61125 96830 25606 39731 18444 66259 53507 18947 80520 21964 67941 52244 84738 63996 17877 50011 86812 38486 23316 85523 25702 58905 66984 13656 98248 67123 16693 67559 84293 15873 57985 80117 85881 88025 48864 16661 72578 28084 48609 45412 66366 47276 62262 17430 61126 91972 16921 20793 70114 32719 69736 99611 31064 64420 69337 11197 48970 77559 10066 65104 52001 95730 22349 74121 83049 55919 10039 86648 61123 51992 40220 80321 94669 78085 61577 58720 96455 11024 52384 72799 39151 26561 70033 67094 55797 21789 67736 19519 67102 82656 35083 28504 44802 67190 49032 43978 92847 92776 48085 97972 76570 99136 60833 84614 61947 40543 25102 85130 35291 53525 66755 63217 93517 44342 93846 27594 50988 13132 27280 37629 91021 61790 22034 57439 18628 94958 78068 34832 24906 50510 38678 27233 95665 70954 34459 29613 78359 13298 46946 56398 48456 98701 32940 34278 16543 22264 39962 76716 20543 69725 75173 77017 21951 28475 26783 92733 67658 78943 78351 51790 42830 53947 81997 53461 68996 55964 97364 38481 49900 62428 27345 30398 81390 91161 76317 81573 36309 22882 89885 18457 15551 92730 42812 32747 18797 32316 47959 96771 23712 47837 
