5426223
20924803
8720079
27144733
5890433
2966629
67152334
65585273
48122441
3436674
11372882
53090362
15684568
5727066
13716596
14221961
54883906
13426196
1087567
22677961
31424758
6659150
10746340
10408697
15183152
5002697
91079498
625858
14985486
18183492
32085490
9790871
13811294
1072640
41888123
17662159
7813342
5126949
8401616
21875958
43069123
9132913
664668
6286350
4560636
8682524
38118183
25074267
14658728
61579537
4205702
939396
3586438
63445702
1356361
2420657
29098147
6833813
6023251
7580094
26965819
1647685
2846927
12665
26338704
13088400
2932663
385536
12500679
3762027
55126894
37878232
34922182
1528772
